GroupID=1    Name=p1    OpNum=1    SystemID=1    System=triclinic
op001=x,y,z
 1.00000  0.00000  0.00000  0.00000
 0.00000  1.00000  0.00000  0.00000
 0.00000  0.00000  1.00000  0.00000

GroupID=2    Name=p-1    OpNum=2    SystemID=1    System=triclinic
op001=x,y,z
 1.00000  0.00000  0.00000  0.00000
 0.00000  1.00000  0.00000  0.00000
 0.00000  0.00000  1.00000  0.00000
op002=-x,-y,-z
-1.00000  0.00000  0.00000  0.00000
 0.00000 -1.00000  0.00000  0.00000
 0.00000  0.00000 -1.00000  0.00000

GroupID=3    Name=p112    OpNum=2    SystemID=2    System=monoclinic
op001=x,y,z
 1.00000  0.00000  0.00000  0.00000
 0.00000  1.00000  0.00000  0.00000
 0.00000  0.00000  1.00000  0.00000
op002=-x,-y,z
-1.00000  0.00000  0.00000  0.00000
 0.00000 -1.00000  0.00000  0.00000
 0.00000  0.00000  1.00000  0.00000

GroupID=4    Name=p11m    OpNum=2    SystemID=2    System=monoclinic
op001=x,y,z
 1.00000  0.00000  0.00000  0.00000
 0.00000  1.00000  0.00000  0.00000
 0.00000  0.00000  1.00000  0.00000
op002=x,y,-z
 1.00000  0.00000  0.00000  0.00000
 0.00000  1.00000  0.00000  0.00000
 0.00000  0.00000 -1.00000  0.00000

GroupID=5    Name=p11a    OpNum=2    SystemID=2    System=monoclinic
op001=x,y,z
 1.00000  0.00000  0.00000  0.00000
 0.00000  1.00000  0.00000  0.00000
 0.00000  0.00000  1.00000  0.00000
op002=x+1/2,y,-z
 1.00000  0.00000  0.00000  0.50000
 0.00000  1.00000  0.00000  0.00000
 0.00000  0.00000 -1.00000  0.00000

GroupID=6    Name=p112/m    OpNum=4    SystemID=2    System=monoclinic
op001=x,y,z
 1.00000  0.00000  0.00000  0.00000
 0.00000  1.00000  0.00000  0.00000
 0.00000  0.00000  1.00000  0.00000
op002=-x,-y,z
-1.00000  0.00000  0.00000  0.00000
 0.00000 -1.00000  0.00000  0.00000
 0.00000  0.00000  1.00000  0.00000
op003=-x,-y,-z
-1.00000  0.00000  0.00000  0.00000
 0.00000 -1.00000  0.00000  0.00000
 0.00000  0.00000 -1.00000  0.00000
op004=x,y,-z
 1.00000  0.00000  0.00000  0.00000
 0.00000  1.00000  0.00000  0.00000
 0.00000  0.00000 -1.00000  0.00000

GroupID=7    Name=p112/a    OpNum=4    SystemID=2    System=monoclinic
op001=x,y,z
 1.00000  0.00000  0.00000  0.00000
 0.00000  1.00000  0.00000  0.00000
 0.00000  0.00000  1.00000  0.00000
op002=-x+1/2,-y,z
-1.00000  0.00000  0.00000  0.50000
 0.00000 -1.00000  0.00000  0.00000
 0.00000  0.00000  1.00000  0.00000
op003=-x,-y,-z
-1.00000  0.00000  0.00000  0.00000
 0.00000 -1.00000  0.00000  0.00000
 0.00000  0.00000 -1.00000  0.00000
op004=x+1/2,y,-z
 1.00000  0.00000  0.00000  0.50000
 0.00000  1.00000  0.00000  0.00000
 0.00000  0.00000 -1.00000  0.00000

GroupID=8    Name=p211    OpNum=2    SystemID=2    System=monoclinic
op001=x,y,z
 1.00000  0.00000  0.00000  0.00000
 0.00000  1.00000  0.00000  0.00000
 0.00000  0.00000  1.00000  0.00000
op002=x,-y,-z
 1.00000  0.00000  0.00000  0.00000
 0.00000 -1.00000  0.00000  0.00000
 0.00000  0.00000 -1.00000  0.00000

GroupID=9    Name=p2111    OpNum=2    SystemID=2    System=monoclinic
op001=x,y,z
 1.00000  0.00000  0.00000  0.00000
 0.00000  1.00000  0.00000  0.00000
 0.00000  0.00000  1.00000  0.00000
op002=x+1/2,-y,-z
 1.00000  0.00000  0.00000  0.50000
 0.00000 -1.00000  0.00000  0.00000
 0.00000  0.00000 -1.00000  0.00000

GroupID=10    Name=c211    OpNum=4    SystemID=2    System=monoclinic
op001=x,y,z
 1.00000  0.00000  0.00000  0.00000
 0.00000  1.00000  0.00000  0.00000
 0.00000  0.00000  1.00000  0.00000
op002=x,-y,-z
 1.00000  0.00000  0.00000  0.00000
 0.00000 -1.00000  0.00000  0.00000
 0.00000  0.00000 -1.00000  0.00000
op003=x+1/2,y+1/2,z
 1.00000  0.00000  0.00000  0.50000
 0.00000  1.00000  0.00000  0.50000
 0.00000  0.00000  1.00000  0.00000
op004=x+1/2,-y+1/2,-z
 1.00000  0.00000  0.00000  0.50000
 0.00000 -1.00000  0.00000  0.50000
 0.00000  0.00000 -1.00000  0.00000

GroupID=11    Name=pm11    OpNum=2    SystemID=2    System=monoclinic
op001=x,y,z
 1.00000  0.00000  0.00000  0.00000
 0.00000  1.00000  0.00000  0.00000
 0.00000  0.00000  1.00000  0.00000
op002=-x,y,z
-1.00000  0.00000  0.00000  0.00000
 0.00000  1.00000  0.00000  0.00000
 0.00000  0.00000  1.00000  0.00000

GroupID=12    Name=pb11    OpNum=2    SystemID=2    System=monoclinic
op001=x,y,z
 1.00000  0.00000  0.00000  0.00000
 0.00000  1.00000  0.00000  0.00000
 0.00000  0.00000  1.00000  0.00000
op002=-x,y+1/2,z
-1.00000  0.00000  0.00000  0.00000
 0.00000  1.00000  0.00000  0.50000
 0.00000  0.00000  1.00000  0.00000

GroupID=13    Name=cm11    OpNum=4    SystemID=2    System=monoclinic
op001=x,y,z
 1.00000  0.00000  0.00000  0.00000
 0.00000  1.00000  0.00000  0.00000
 0.00000  0.00000  1.00000  0.00000
op002=-x,y,z
-1.00000  0.00000  0.00000  0.00000
 0.00000  1.00000  0.00000  0.00000
 0.00000  0.00000  1.00000  0.00000
op003=x+1/2,y+1/2,z
 1.00000  0.00000  0.00000  0.50000
 0.00000  1.00000  0.00000  0.50000
 0.00000  0.00000  1.00000  0.00000
op004=-x+1/2,y+1/2,z
-1.00000  0.00000  0.00000  0.50000
 0.00000  1.00000  0.00000  0.50000
 0.00000  0.00000  1.00000  0.00000

GroupID=14    Name=p2/m11    OpNum=4    SystemID=2    System=monoclinic
op001=x,y,z
 1.00000  0.00000  0.00000  0.00000
 0.00000  1.00000  0.00000  0.00000
 0.00000  0.00000  1.00000  0.00000
op002=x,-y,-z
 1.00000  0.00000  0.00000  0.00000
 0.00000 -1.00000  0.00000  0.00000
 0.00000  0.00000 -1.00000  0.00000
op003=-x,-y,-z
-1.00000  0.00000  0.00000  0.00000
 0.00000 -1.00000  0.00000  0.00000
 0.00000  0.00000 -1.00000  0.00000
op004=-x,y,z
-1.00000  0.00000  0.00000  0.00000
 0.00000  1.00000  0.00000  0.00000
 0.00000  0.00000  1.00000  0.00000

GroupID=15    Name=p21/m11    OpNum=4    SystemID=2    System=monoclinic
op001=x,y,z
 1.00000  0.00000  0.00000  0.00000
 0.00000  1.00000  0.00000  0.00000
 0.00000  0.00000  1.00000  0.00000
op002=x+1/2,-y,-z
 1.00000  0.00000  0.00000  0.50000
 0.00000 -1.00000  0.00000  0.00000
 0.00000  0.00000 -1.00000  0.00000
op003=-x,-y,-z
-1.00000  0.00000  0.00000  0.00000
 0.00000 -1.00000  0.00000  0.00000
 0.00000  0.00000 -1.00000  0.00000
op004=-x+1/2,y,z
-1.00000  0.00000  0.00000  0.50000
 0.00000  1.00000  0.00000  0.00000
 0.00000  0.00000  1.00000  0.00000

GroupID=16    Name=p2/b11    OpNum=4    SystemID=2    System=monoclinic
op001=x,y,z
 1.00000  0.00000  0.00000  0.00000
 0.00000  1.00000  0.00000  0.00000
 0.00000  0.00000  1.00000  0.00000
op002=x,-y+1/2,-z
 1.00000  0.00000  0.00000  0.00000
 0.00000 -1.00000  0.00000  0.50000
 0.00000  0.00000 -1.00000  0.00000
op003=-x,-y,-z
-1.00000  0.00000  0.00000  0.00000
 0.00000 -1.00000  0.00000  0.00000
 0.00000  0.00000 -1.00000  0.00000
op004=-x,y+1/2,z
-1.00000  0.00000  0.00000  0.00000
 0.00000  1.00000  0.00000  0.50000
 0.00000  0.00000  1.00000  0.00000

GroupID=17    Name=p21/b11    OpNum=4    SystemID=2    System=monoclinic
op001=x,y,z
 1.00000  0.00000  0.00000  0.00000
 0.00000  1.00000  0.00000  0.00000
 0.00000  0.00000  1.00000  0.00000
op002=x+1/2,-y+1/2,-z
 1.00000  0.00000  0.00000  0.50000
 0.00000 -1.00000  0.00000  0.50000
 0.00000  0.00000 -1.00000  0.00000
op003=-x,-y,-z
-1.00000  0.00000  0.00000  0.00000
 0.00000 -1.00000  0.00000  0.00000
 0.00000  0.00000 -1.00000  0.00000
op004=-x+1/2,y+1/2,z
-1.00000  0.00000  0.00000  0.50000
 0.00000  1.00000  0.00000  0.50000
 0.00000  0.00000  1.00000  0.00000

GroupID=18    Name=c2/m11    OpNum=8    SystemID=2    System=monoclinic
op001=x,y,z
 1.00000  0.00000  0.00000  0.00000
 0.00000  1.00000  0.00000  0.00000
 0.00000  0.00000  1.00000  0.00000
op002=x,-y,-z
 1.00000  0.00000  0.00000  0.00000
 0.00000 -1.00000  0.00000  0.00000
 0.00000  0.00000 -1.00000  0.00000
op003=-x,-y,-z
-1.00000  0.00000  0.00000  0.00000
 0.00000 -1.00000  0.00000  0.00000
 0.00000  0.00000 -1.00000  0.00000
op004=-x,y,z
-1.00000  0.00000  0.00000  0.00000
 0.00000  1.00000  0.00000  0.00000
 0.00000  0.00000  1.00000  0.00000
op005=x+1/2,y+1/2,z
 1.00000  0.00000  0.00000  0.50000
 0.00000  1.00000  0.00000  0.50000
 0.00000  0.00000  1.00000  0.00000
op006=x+1/2,-y+1/2,-z
 1.00000  0.00000  0.00000  0.50000
 0.00000 -1.00000  0.00000  0.50000
 0.00000  0.00000 -1.00000  0.00000
op007=-x+1/2,-y+1/2,-z
-1.00000  0.00000  0.00000  0.50000
 0.00000 -1.00000  0.00000  0.50000
 0.00000  0.00000 -1.00000  0.00000
op008=-x+1/2,y+1/2,z
-1.00000  0.00000  0.00000  0.50000
 0.00000  1.00000  0.00000  0.50000
 0.00000  0.00000  1.00000  0.00000

GroupID=19    Name=p222    OpNum=4    SystemID=3    System=orthorhombic
op001=x,y,z
 1.00000  0.00000  0.00000  0.00000
 0.00000  1.00000  0.00000  0.00000
 0.00000  0.00000  1.00000  0.00000
op002=-x,-y,z
-1.00000  0.00000  0.00000  0.00000
 0.00000 -1.00000  0.00000  0.00000
 0.00000  0.00000  1.00000  0.00000
op003=-x,y,-z
-1.00000  0.00000  0.00000  0.00000
 0.00000  1.00000  0.00000  0.00000
 0.00000  0.00000 -1.00000  0.00000
op004=x,-y,-z
 1.00000  0.00000  0.00000  0.00000
 0.00000 -1.00000  0.00000  0.00000
 0.00000  0.00000 -1.00000  0.00000

GroupID=20    Name=p2122    OpNum=4    SystemID=3    System=orthorhombic
op001=x,y,z
 1.00000  0.00000  0.00000  0.00000
 0.00000  1.00000  0.00000  0.00000
 0.00000  0.00000  1.00000  0.00000
op002=x+1/2,-y,-z
 1.00000  0.00000  0.00000  0.50000
 0.00000 -1.00000  0.00000  0.00000
 0.00000  0.00000 -1.00000  0.00000
op003=-x+1/2,y,-z
-1.00000  0.00000  0.00000  0.50000
 0.00000  1.00000  0.00000  0.00000
 0.00000  0.00000 -1.00000  0.00000
op004=-x,-y,z
-1.00000  0.00000  0.00000  0.00000
 0.00000 -1.00000  0.00000  0.00000
 0.00000  0.00000  1.00000  0.00000

GroupID=21    Name=p21212    OpNum=4    SystemID=3    System=orthorhombic
op001=x,y,z
 1.00000  0.00000  0.00000  0.00000
 0.00000  1.00000  0.00000  0.00000
 0.00000  0.00000  1.00000  0.00000
op002=-x,-y,z
-1.00000  0.00000  0.00000  0.00000
 0.00000 -1.00000  0.00000  0.00000
 0.00000  0.00000  1.00000  0.00000
op003=-x+1/2,y+1/2,-z
-1.00000  0.00000  0.00000  0.50000
 0.00000  1.00000  0.00000  0.50000
 0.00000  0.00000 -1.00000  0.00000
op004=x+1/2,-y+1/2,-z
 1.00000  0.00000  0.00000  0.50000
 0.00000 -1.00000  0.00000  0.50000
 0.00000  0.00000 -1.00000  0.00000

GroupID=22    Name=c222    OpNum=8    SystemID=3    System=orthorhombic
op001=x,y,z
 1.00000  0.00000  0.00000  0.00000
 0.00000  1.00000  0.00000  0.00000
 0.00000  0.00000  1.00000  0.00000
op002=-x,-y,z
-1.00000  0.00000  0.00000  0.00000
 0.00000 -1.00000  0.00000  0.00000
 0.00000  0.00000  1.00000  0.00000
op003=-x,y,-z
-1.00000  0.00000  0.00000  0.00000
 0.00000  1.00000  0.00000  0.00000
 0.00000  0.00000 -1.00000  0.00000
op004=x,-y,-z
 1.00000  0.00000  0.00000  0.00000
 0.00000 -1.00000  0.00000  0.00000
 0.00000  0.00000 -1.00000  0.00000
op005=x+1/2,y+1/2,z
 1.00000  0.00000  0.00000  0.50000
 0.00000  1.00000  0.00000  0.50000
 0.00000  0.00000  1.00000  0.00000
op006=-x+1/2,-y+1/2,z
-1.00000  0.00000  0.00000  0.50000
 0.00000 -1.00000  0.00000  0.50000
 0.00000  0.00000  1.00000  0.00000
op007=-x+1/2,y+1/2,-z
-1.00000  0.00000  0.00000  0.50000
 0.00000  1.00000  0.00000  0.50000
 0.00000  0.00000 -1.00000  0.00000
op008=x+1/2,-y+1/2,-z
 1.00000  0.00000  0.00000  0.50000
 0.00000 -1.00000  0.00000  0.50000
 0.00000  0.00000 -1.00000  0.00000

GroupID=23    Name=pmm2    OpNum=4    SystemID=3    System=orthorhombic
op001=x,y,z
 1.00000  0.00000  0.00000  0.00000
 0.00000  1.00000  0.00000  0.00000
 0.00000  0.00000  1.00000  0.00000
op002=-x,-y,z
-1.00000  0.00000  0.00000  0.00000
 0.00000 -1.00000  0.00000  0.00000
 0.00000  0.00000  1.00000  0.00000
op003=x,-y,z
 1.00000  0.00000  0.00000  0.00000
 0.00000 -1.00000  0.00000  0.00000
 0.00000  0.00000  1.00000  0.00000
op004=-x,y,z
-1.00000  0.00000  0.00000  0.00000
 0.00000  1.00000  0.00000  0.00000
 0.00000  0.00000  1.00000  0.00000

GroupID=24    Name=pma2    OpNum=4    SystemID=3    System=orthorhombic
op001=x,y,z
 1.00000  0.00000  0.00000  0.00000
 0.00000  1.00000  0.00000  0.00000
 0.00000  0.00000  1.00000  0.00000
op002=-x,-y,z
-1.00000  0.00000  0.00000  0.00000
 0.00000 -1.00000  0.00000  0.00000
 0.00000  0.00000  1.00000  0.00000
op003=x+1/2,-y,z
 1.00000  0.00000  0.00000  0.50000
 0.00000 -1.00000  0.00000  0.00000
 0.00000  0.00000  1.00000  0.00000
op004=-x+1/2,y,z
-1.00000  0.00000  0.00000  0.50000
 0.00000  1.00000  0.00000  0.00000
 0.00000  0.00000  1.00000  0.00000

GroupID=25    Name=pba2    OpNum=4    SystemID=3    System=orthorhombic
op001=x,y,z
 1.00000  0.00000  0.00000  0.00000
 0.00000  1.00000  0.00000  0.00000
 0.00000  0.00000  1.00000  0.00000
op002=-x,-y,z
-1.00000  0.00000  0.00000  0.00000
 0.00000 -1.00000  0.00000  0.00000
 0.00000  0.00000  1.00000  0.00000
op003=x+1/2,-y+1/2,z
 1.00000  0.00000  0.00000  0.50000
 0.00000 -1.00000  0.00000  0.50000
 0.00000  0.00000  1.00000  0.00000
op004=-x+1/2,y+1/2,z
-1.00000  0.00000  0.00000  0.50000
 0.00000  1.00000  0.00000  0.50000
 0.00000  0.00000  1.00000  0.00000

GroupID=26    Name=cmm2    OpNum=8    SystemID=3    System=orthorhombic
op001=x,y,z
 1.00000  0.00000  0.00000  0.00000
 0.00000  1.00000  0.00000  0.00000
 0.00000  0.00000  1.00000  0.00000
op002=-x,-y,z
-1.00000  0.00000  0.00000  0.00000
 0.00000 -1.00000  0.00000  0.00000
 0.00000  0.00000  1.00000  0.00000
op003=x,-y,z
 1.00000  0.00000  0.00000  0.00000
 0.00000 -1.00000  0.00000  0.00000
 0.00000  0.00000  1.00000  0.00000
op004=-x,y,z
-1.00000  0.00000  0.00000  0.00000
 0.00000  1.00000  0.00000  0.00000
 0.00000  0.00000  1.00000  0.00000
op005=x+1/2,y+1/2,z
 1.00000  0.00000  0.00000  0.50000
 0.00000  1.00000  0.00000  0.50000
 0.00000  0.00000  1.00000  0.00000
op006=-x+1/2,-y+1/2,z
-1.00000  0.00000  0.00000  0.50000
 0.00000 -1.00000  0.00000  0.50000
 0.00000  0.00000  1.00000  0.00000
op007=x+1/2,-y+1/2,z
 1.00000  0.00000  0.00000  0.50000
 0.00000 -1.00000  0.00000  0.50000
 0.00000  0.00000  1.00000  0.00000
op008=-x+1/2,y+1/2,z
-1.00000  0.00000  0.00000  0.50000
 0.00000  1.00000  0.00000  0.50000
 0.00000  0.00000  1.00000  0.00000

GroupID=27    Name=pm2m    OpNum=4    SystemID=3    System=orthorhombic
op001=x,y,z
 1.00000  0.00000  0.00000  0.00000
 0.00000  1.00000  0.00000  0.00000
 0.00000  0.00000  1.00000  0.00000
op002=-x,y,-z
-1.00000  0.00000  0.00000  0.00000
 0.00000  1.00000  0.00000  0.00000
 0.00000  0.00000 -1.00000  0.00000
op003=-x,y,z
-1.00000  0.00000  0.00000  0.00000
 0.00000  1.00000  0.00000  0.00000
 0.00000  0.00000  1.00000  0.00000
op004=x,y,-z
 1.00000  0.00000  0.00000  0.00000
 0.00000  1.00000  0.00000  0.00000
 0.00000  0.00000 -1.00000  0.00000

GroupID=28    Name=pm21b    OpNum=4    SystemID=3    System=orthorhombic
op001=x,y,z
 1.00000  0.00000  0.00000  0.00000
 0.00000  1.00000  0.00000  0.00000
 0.00000  0.00000  1.00000  0.00000
op002=-x,y+1/2,-z
-1.00000  0.00000  0.00000  0.00000
 0.00000  1.00000  0.00000  0.50000
 0.00000  0.00000 -1.00000  0.00000
op003=x,y+1/2,-z
 1.00000  0.00000  0.00000  0.00000
 0.00000  1.00000  0.00000  0.50000
 0.00000  0.00000 -1.00000  0.00000
op004=-x,y,z
-1.00000  0.00000  0.00000  0.00000
 0.00000  1.00000  0.00000  0.00000
 0.00000  0.00000  1.00000  0.00000

GroupID=29    Name=pb21m    OpNum=4    SystemID=3    System=orthorhombic
op001=x,y,z
 1.00000  0.00000  0.00000  0.00000
 0.00000  1.00000  0.00000  0.00000
 0.00000  0.00000  1.00000  0.00000
op002=-x,y+1/2,-z
-1.00000  0.00000  0.00000  0.00000
 0.00000  1.00000  0.00000  0.50000
 0.00000  0.00000 -1.00000  0.00000
op003=-x,y+1/2,z
-1.00000  0.00000  0.00000  0.00000
 0.00000  1.00000  0.00000  0.50000
 0.00000  0.00000  1.00000  0.00000
op004=x,y,-z
 1.00000  0.00000  0.00000  0.00000
 0.00000  1.00000  0.00000  0.00000
 0.00000  0.00000 -1.00000  0.00000

GroupID=30    Name=pb2b    OpNum=4    SystemID=3    System=orthorhombic
op001=x,y,z
 1.00000  0.00000  0.00000  0.00000
 0.00000  1.00000  0.00000  0.00000
 0.00000  0.00000  1.00000  0.00000
op002=-x,y,-z
-1.00000  0.00000  0.00000  0.00000
 0.00000  1.00000  0.00000  0.00000
 0.00000  0.00000 -1.00000  0.00000
op003=x,y+1/2,-z
 1.00000  0.00000  0.00000  0.00000
 0.00000  1.00000  0.00000  0.50000
 0.00000  0.00000 -1.00000  0.00000
op004=-x,y+1/2,z
-1.00000  0.00000  0.00000  0.00000
 0.00000  1.00000  0.00000  0.50000
 0.00000  0.00000  1.00000  0.00000

GroupID=31    Name=pm2a    OpNum=4    SystemID=3    System=orthorhombic
op001=x,y,z
 1.00000  0.00000  0.00000  0.00000
 0.00000  1.00000  0.00000  0.00000
 0.00000  0.00000  1.00000  0.00000
op002=-x,y,-z
-1.00000  0.00000  0.00000  0.00000
 0.00000  1.00000  0.00000  0.00000
 0.00000  0.00000 -1.00000  0.00000
op003=x+1/2,y,-z
 1.00000  0.00000  0.00000  0.50000
 0.00000  1.00000  0.00000  0.00000
 0.00000  0.00000 -1.00000  0.00000
op004=-x+1/2,y,z
-1.00000  0.00000  0.00000  0.50000
 0.00000  1.00000  0.00000  0.00000
 0.00000  0.00000  1.00000  0.00000

GroupID=32    Name=pm21n    OpNum=4    SystemID=3    System=orthorhombic
op001=x,y,z
 1.00000  0.00000  0.00000  0.00000
 0.00000  1.00000  0.00000  0.00000
 0.00000  0.00000  1.00000  0.00000
op002=-x+1/2,y+1/2,-z
-1.00000  0.00000  0.00000  0.50000
 0.00000  1.00000  0.00000  0.50000
 0.00000  0.00000 -1.00000  0.00000
op003=x+1/2,y+1/2,-z
 1.00000  0.00000  0.00000  0.50000
 0.00000  1.00000  0.00000  0.50000
 0.00000  0.00000 -1.00000  0.00000
op004=-x,y,z
-1.00000  0.00000  0.00000  0.00000
 0.00000  1.00000  0.00000  0.00000
 0.00000  0.00000  1.00000  0.00000

GroupID=33    Name=pb21a    OpNum=4    SystemID=3    System=orthorhombic
op001=x,y,z
 1.00000  0.00000  0.00000  0.00000
 0.00000  1.00000  0.00000  0.00000
 0.00000  0.00000  1.00000  0.00000
op002=-x,y+1/2,-z
-1.00000  0.00000  0.00000  0.00000
 0.00000  1.00000  0.00000  0.50000
 0.00000  0.00000 -1.00000  0.00000
op003=x+1/2,y,-z
 1.00000  0.00000  0.00000  0.50000
 0.00000  1.00000  0.00000  0.00000
 0.00000  0.00000 -1.00000  0.00000
op004=-x+1/2,y+1/2,z
-1.00000  0.00000  0.00000  0.50000
 0.00000  1.00000  0.00000  0.50000
 0.00000  0.00000  1.00000  0.00000

GroupID=34    Name=pb2n    OpNum=4    SystemID=3    System=orthorhombic
op001=x,y,z
 1.00000  0.00000  0.00000  0.00000
 0.00000  1.00000  0.00000  0.00000
 0.00000  0.00000  1.00000  0.00000
op002=-x,y,-z
-1.00000  0.00000  0.00000  0.00000
 0.00000  1.00000  0.00000  0.00000
 0.00000  0.00000 -1.00000  0.00000
op003=-x+1/2,y+1/2,z
-1.00000  0.00000  0.00000  0.50000
 0.00000  1.00000  0.00000  0.50000
 0.00000  0.00000  1.00000  0.00000
op004=x+1/2,y+1/2,-z
 1.00000  0.00000  0.00000  0.50000
 0.00000  1.00000  0.00000  0.50000
 0.00000  0.00000 -1.00000  0.00000

GroupID=35    Name=cm2m    OpNum=8    SystemID=3    System=orthorhombic
op001=x,y,z
 1.00000  0.00000  0.00000  0.00000
 0.00000  1.00000  0.00000  0.00000
 0.00000  0.00000  1.00000  0.00000
op002=-x,y,-z
-1.00000  0.00000  0.00000  0.00000
 0.00000  1.00000  0.00000  0.00000
 0.00000  0.00000 -1.00000  0.00000
op003=-x,y,z
-1.00000  0.00000  0.00000  0.00000
 0.00000  1.00000  0.00000  0.00000
 0.00000  0.00000  1.00000  0.00000
op004=x,y,-z
 1.00000  0.00000  0.00000  0.00000
 0.00000  1.00000  0.00000  0.00000
 0.00000  0.00000 -1.00000  0.00000
op005=x+1/2,y+1/2,z
 1.00000  0.00000  0.00000  0.50000
 0.00000  1.00000  0.00000  0.50000
 0.00000  0.00000  1.00000  0.00000
op006=-x+1/2,y+1/2,-z
-1.00000  0.00000  0.00000  0.50000
 0.00000  1.00000  0.00000  0.50000
 0.00000  0.00000 -1.00000  0.00000
op007=-x+1/2,y+1/2,z
-1.00000  0.00000  0.00000  0.50000
 0.00000  1.00000  0.00000  0.50000
 0.00000  0.00000  1.00000  0.00000
op008=x+1/2,y+1/2,-z
 1.00000  0.00000  0.00000  0.50000
 0.00000  1.00000  0.00000  0.50000
 0.00000  0.00000 -1.00000  0.00000

GroupID=36    Name=cm2e    OpNum=8    SystemID=3    System=orthorhombic
op001=x,y,z
 1.00000  0.00000  0.00000  0.00000
 0.00000  1.00000  0.00000  0.00000
 0.00000  0.00000  1.00000  0.00000
op002=-x,y,-z
-1.00000  0.00000  0.00000  0.00000
 0.00000  1.00000  0.00000  0.00000
 0.00000  0.00000 -1.00000  0.00000
op003=-x+1/2,y,z
-1.00000  0.00000  0.00000  0.50000
 0.00000  1.00000  0.00000  0.00000
 0.00000  0.00000  1.00000  0.00000
op004=x+1/2,y,-z
 1.00000  0.00000  0.00000  0.50000
 0.00000  1.00000  0.00000  0.00000
 0.00000  0.00000 -1.00000  0.00000
op005=x+1/2,y+1/2,z
 1.00000  0.00000  0.00000  0.50000
 0.00000  1.00000  0.00000  0.50000
 0.00000  0.00000  1.00000  0.00000
op006=-x+1/2,y+1/2,-z
-1.00000  0.00000  0.00000  0.50000
 0.00000  1.00000  0.00000  0.50000
 0.00000  0.00000 -1.00000  0.00000
op007=-x,y+1/2,z
-1.00000  0.00000  0.00000  0.00000
 0.00000  1.00000  0.00000  0.50000
 0.00000  0.00000  1.00000  0.00000
op008=x,y+1/2,-z
 1.00000  0.00000  0.00000  0.00000
 0.00000  1.00000  0.00000  0.50000
 0.00000  0.00000 -1.00000  0.00000

GroupID=37    Name=pmmm    OpNum=8    SystemID=3    System=orthorhombic
op001=x,y,z
 1.00000  0.00000  0.00000  0.00000
 0.00000  1.00000  0.00000  0.00000
 0.00000  0.00000  1.00000  0.00000
op002=-x,-y,z
-1.00000  0.00000  0.00000  0.00000
 0.00000 -1.00000  0.00000  0.00000
 0.00000  0.00000  1.00000  0.00000
op003=-x,y,-z
-1.00000  0.00000  0.00000  0.00000
 0.00000  1.00000  0.00000  0.00000
 0.00000  0.00000 -1.00000  0.00000
op004=x,-y,-z
 1.00000  0.00000  0.00000  0.00000
 0.00000 -1.00000  0.00000  0.00000
 0.00000  0.00000 -1.00000  0.00000
op005=-x,-y,-z
-1.00000  0.00000  0.00000  0.00000
 0.00000 -1.00000  0.00000  0.00000
 0.00000  0.00000 -1.00000  0.00000
op006=x,y,-z
 1.00000  0.00000  0.00000  0.00000
 0.00000  1.00000  0.00000  0.00000
 0.00000  0.00000 -1.00000  0.00000
op007=x,-y,z
 1.00000  0.00000  0.00000  0.00000
 0.00000 -1.00000  0.00000  0.00000
 0.00000  0.00000  1.00000  0.00000
op008=-x,y,z
-1.00000  0.00000  0.00000  0.00000
 0.00000  1.00000  0.00000  0.00000
 0.00000  0.00000  1.00000  0.00000

GroupID=38    Name=pmaa    OpNum=8    SystemID=3    System=orthorhombic
op001=x,y,z
 1.00000  0.00000  0.00000  0.00000
 0.00000  1.00000  0.00000  0.00000
 0.00000  0.00000  1.00000  0.00000
op002=x,-y,-z
 1.00000  0.00000  0.00000  0.00000
 0.00000 -1.00000  0.00000  0.00000
 0.00000  0.00000 -1.00000  0.00000
op003=-x+1/2,-y,z
-1.00000  0.00000  0.00000  0.50000
 0.00000 -1.00000  0.00000  0.00000
 0.00000  0.00000  1.00000  0.00000
op004=-x+1/2,y,-z
-1.00000  0.00000  0.00000  0.50000
 0.00000  1.00000  0.00000  0.00000
 0.00000  0.00000 -1.00000  0.00000
op005=-x,-y,-z
-1.00000  0.00000  0.00000  0.00000
 0.00000 -1.00000  0.00000  0.00000
 0.00000  0.00000 -1.00000  0.00000
op006=-x,y,z
-1.00000  0.00000  0.00000  0.00000
 0.00000  1.00000  0.00000  0.00000
 0.00000  0.00000  1.00000  0.00000
op007=x+1/2,y,-z
 1.00000  0.00000  0.00000  0.50000
 0.00000  1.00000  0.00000  0.00000
 0.00000  0.00000 -1.00000  0.00000
op008=x+1/2,-y,z
 1.00000  0.00000  0.00000  0.50000
 0.00000 -1.00000  0.00000  0.00000
 0.00000  0.00000  1.00000  0.00000

GroupID=39    Name=pban    OpNum=8    SystemID=3    System=orthorhombic
op001=x,y,z
 1.00000  0.00000  0.00000  0.00000
 0.00000  1.00000  0.00000  0.00000
 0.00000  0.00000  1.00000  0.00000
op002=-x+1/2,-y+1/2,z
-1.00000  0.00000  0.00000  0.50000
 0.00000 -1.00000  0.00000  0.50000
 0.00000  0.00000  1.00000  0.00000
op003=-x+1/2,y,-z
-1.00000  0.00000  0.00000  0.50000
 0.00000  1.00000  0.00000  0.00000
 0.00000  0.00000 -1.00000  0.00000
op004=x,-y+1/2,-z
 1.00000  0.00000  0.00000  0.00000
 0.00000 -1.00000  0.00000  0.50000
 0.00000  0.00000 -1.00000  0.00000
op005=-x,-y,-z
-1.00000  0.00000  0.00000  0.00000
 0.00000 -1.00000  0.00000  0.00000
 0.00000  0.00000 -1.00000  0.00000
op006=x+1/2,y+1/2,-z
 1.00000  0.00000  0.00000  0.50000
 0.00000  1.00000  0.00000  0.50000
 0.00000  0.00000 -1.00000  0.00000
op007=x+1/2,-y,z
 1.00000  0.00000  0.00000  0.50000
 0.00000 -1.00000  0.00000  0.00000
 0.00000  0.00000  1.00000  0.00000
op008=-x,y+1/2,z
-1.00000  0.00000  0.00000  0.00000
 0.00000  1.00000  0.00000  0.50000
 0.00000  0.00000  1.00000  0.00000

GroupID=40    Name=pmam    OpNum=8    SystemID=3    System=orthorhombic
op001=x,y,z
 1.00000  0.00000  0.00000  0.00000
 0.00000  1.00000  0.00000  0.00000
 0.00000  0.00000  1.00000  0.00000
op002=-x+1/2,y,-z
-1.00000  0.00000  0.00000  0.50000
 0.00000  1.00000  0.00000  0.00000
 0.00000  0.00000 -1.00000  0.00000
op003=-x,-y,z
-1.00000  0.00000  0.00000  0.00000
 0.00000 -1.00000  0.00000  0.00000
 0.00000  0.00000  1.00000  0.00000
op004=x+1/2,-y,-z
 1.00000  0.00000  0.00000  0.50000
 0.00000 -1.00000  0.00000  0.00000
 0.00000  0.00000 -1.00000  0.00000
op005=-x,-y,-z
-1.00000  0.00000  0.00000  0.00000
 0.00000 -1.00000  0.00000  0.00000
 0.00000  0.00000 -1.00000  0.00000
op006=x+1/2,-y,z
 1.00000  0.00000  0.00000  0.50000
 0.00000 -1.00000  0.00000  0.00000
 0.00000  0.00000  1.00000  0.00000
op007=x,y,-z
 1.00000  0.00000  0.00000  0.00000
 0.00000  1.00000  0.00000  0.00000
 0.00000  0.00000 -1.00000  0.00000
op008=-x+1/2,y,z
-1.00000  0.00000  0.00000  0.50000
 0.00000  1.00000  0.00000  0.00000
 0.00000  0.00000  1.00000  0.00000

GroupID=41    Name=pmma    OpNum=8    SystemID=3    System=orthorhombic
op001=x,y,z
 1.00000  0.00000  0.00000  0.00000
 0.00000  1.00000  0.00000  0.00000
 0.00000  0.00000  1.00000  0.00000
op002=-x+1/2,-y,z
-1.00000  0.00000  0.00000  0.50000
 0.00000 -1.00000  0.00000  0.00000
 0.00000  0.00000  1.00000  0.00000
op003=-x,y,-z
-1.00000  0.00000  0.00000  0.00000
 0.00000  1.00000  0.00000  0.00000
 0.00000  0.00000 -1.00000  0.00000
op004=x+1/2,-y,-z
 1.00000  0.00000  0.00000  0.50000
 0.00000 -1.00000  0.00000  0.00000
 0.00000  0.00000 -1.00000  0.00000
op005=-x,-y,-z
-1.00000  0.00000  0.00000  0.00000
 0.00000 -1.00000  0.00000  0.00000
 0.00000  0.00000 -1.00000  0.00000
op006=x+1/2,y,-z
 1.00000  0.00000  0.00000  0.50000
 0.00000  1.00000  0.00000  0.00000
 0.00000  0.00000 -1.00000  0.00000
op007=x,-y,z
 1.00000  0.00000  0.00000  0.00000
 0.00000 -1.00000  0.00000  0.00000
 0.00000  0.00000  1.00000  0.00000
op008=-x+1/2,y,z
-1.00000  0.00000  0.00000  0.50000
 0.00000  1.00000  0.00000  0.00000
 0.00000  0.00000  1.00000  0.00000

GroupID=42    Name=pman    OpNum=8    SystemID=3    System=orthorhombic
op001=x,y,z
 1.00000  0.00000  0.00000  0.00000
 0.00000  1.00000  0.00000  0.00000
 0.00000  0.00000  1.00000  0.00000
op002=-x+1/2,y+1/2,-z
-1.00000  0.00000  0.00000  0.50000
 0.00000  1.00000  0.00000  0.50000
 0.00000  0.00000 -1.00000  0.00000
op003=-x+1/2,-y+1/2,z
-1.00000  0.00000  0.00000  0.50000
 0.00000 -1.00000  0.00000  0.50000
 0.00000  0.00000  1.00000  0.00000
op004=x,-y,-z
 1.00000  0.00000  0.00000  0.00000
 0.00000 -1.00000  0.00000  0.00000
 0.00000  0.00000 -1.00000  0.00000
op005=-x,-y,-z
-1.00000  0.00000  0.00000  0.00000
 0.00000 -1.00000  0.00000  0.00000
 0.00000  0.00000 -1.00000  0.00000
op006=x+1/2,-y+1/2,z
 1.00000  0.00000  0.00000  0.50000
 0.00000 -1.00000  0.00000  0.50000
 0.00000  0.00000  1.00000  0.00000
op007=x+1/2,y+1/2,-z
 1.00000  0.00000  0.00000  0.50000
 0.00000  1.00000  0.00000  0.50000
 0.00000  0.00000 -1.00000  0.00000
op008=-x,y,z
-1.00000  0.00000  0.00000  0.00000
 0.00000  1.00000  0.00000  0.00000
 0.00000  0.00000  1.00000  0.00000

GroupID=43    Name=pbaa    OpNum=8    SystemID=3    System=orthorhombic
op001=x,y,z
 1.00000  0.00000  0.00000  0.00000
 0.00000  1.00000  0.00000  0.00000
 0.00000  0.00000  1.00000  0.00000
op002=x,-y+1/2,-z
 1.00000  0.00000  0.00000  0.00000
 0.00000 -1.00000  0.00000  0.50000
 0.00000  0.00000 -1.00000  0.00000
op003=-x+1/2,-y,z
-1.00000  0.00000  0.00000  0.50000
 0.00000 -1.00000  0.00000  0.00000
 0.00000  0.00000  1.00000  0.00000
op004=-x+1/2,y+1/2,-z
-1.00000  0.00000  0.00000  0.50000
 0.00000  1.00000  0.00000  0.50000
 0.00000  0.00000 -1.00000  0.00000
op005=-x,-y,-z
-1.00000  0.00000  0.00000  0.00000
 0.00000 -1.00000  0.00000  0.00000
 0.00000  0.00000 -1.00000  0.00000
op006=-x,y+1/2,z
-1.00000  0.00000  0.00000  0.00000
 0.00000  1.00000  0.00000  0.50000
 0.00000  0.00000  1.00000  0.00000
op007=x+1/2,y,-z
 1.00000  0.00000  0.00000  0.50000
 0.00000  1.00000  0.00000  0.00000
 0.00000  0.00000 -1.00000  0.00000
op008=x+1/2,-y+1/2,z
 1.00000  0.00000  0.00000  0.50000
 0.00000 -1.00000  0.00000  0.50000
 0.00000  0.00000  1.00000  0.00000

GroupID=44    Name=pbam    OpNum=8    SystemID=3    System=orthorhombic
op001=x,y,z
 1.00000  0.00000  0.00000  0.00000
 0.00000  1.00000  0.00000  0.00000
 0.00000  0.00000  1.00000  0.00000
op002=-x,-y,z
-1.00000  0.00000  0.00000  0.00000
 0.00000 -1.00000  0.00000  0.00000
 0.00000  0.00000  1.00000  0.00000
op003=-x+1/2,y+1/2,-z
-1.00000  0.00000  0.00000  0.50000
 0.00000  1.00000  0.00000  0.50000
 0.00000  0.00000 -1.00000  0.00000
op004=x+1/2,-y+1/2,-z
 1.00000  0.00000  0.00000  0.50000
 0.00000 -1.00000  0.00000  0.50000
 0.00000  0.00000 -1.00000  0.00000
op005=-x,-y,-z
-1.00000  0.00000  0.00000  0.00000
 0.00000 -1.00000  0.00000  0.00000
 0.00000  0.00000 -1.00000  0.00000
op006=x,y,-z
 1.00000  0.00000  0.00000  0.00000
 0.00000  1.00000  0.00000  0.00000
 0.00000  0.00000 -1.00000  0.00000
op007=x+1/2,-y+1/2,z
 1.00000  0.00000  0.00000  0.50000
 0.00000 -1.00000  0.00000  0.50000
 0.00000  0.00000  1.00000  0.00000
op008=-x+1/2,y+1/2,z
-1.00000  0.00000  0.00000  0.50000
 0.00000  1.00000  0.00000  0.50000
 0.00000  0.00000  1.00000  0.00000

GroupID=45    Name=pbma    OpNum=8    SystemID=3    System=orthorhombic
op001=x,y,z
 1.00000  0.00000  0.00000  0.00000
 0.00000  1.00000  0.00000  0.00000
 0.00000  0.00000  1.00000  0.00000
op002=-x,y+1/2,-z
-1.00000  0.00000  0.00000  0.00000
 0.00000  1.00000  0.00000  0.50000
 0.00000  0.00000 -1.00000  0.00000
op003=x+1/2,-y+1/2,-z
 1.00000  0.00000  0.00000  0.50000
 0.00000 -1.00000  0.00000  0.50000
 0.00000  0.00000 -1.00000  0.00000
op004=-x+1/2,-y,z
-1.00000  0.00000  0.00000  0.50000
 0.00000 -1.00000  0.00000  0.00000
 0.00000  0.00000  1.00000  0.00000
op005=-x,-y,-z
-1.00000  0.00000  0.00000  0.00000
 0.00000 -1.00000  0.00000  0.00000
 0.00000  0.00000 -1.00000  0.00000
op006=x,-y+1/2,z
 1.00000  0.00000  0.00000  0.00000
 0.00000 -1.00000  0.00000  0.50000
 0.00000  0.00000  1.00000  0.00000
op007=-x+1/2,y+1/2,z
-1.00000  0.00000  0.00000  0.50000
 0.00000  1.00000  0.00000  0.50000
 0.00000  0.00000  1.00000  0.00000
op008=x+1/2,y,-z
 1.00000  0.00000  0.00000  0.50000
 0.00000  1.00000  0.00000  0.00000
 0.00000  0.00000 -1.00000  0.00000

GroupID=46    Name=pmmn    OpNum=8    SystemID=3    System=orthorhombic
op001=x,y,z
 1.00000  0.00000  0.00000  0.00000
 0.00000  1.00000  0.00000  0.00000
 0.00000  0.00000  1.00000  0.00000
op002=-x+1/2,-y+1/2,z
-1.00000  0.00000  0.00000  0.50000
 0.00000 -1.00000  0.00000  0.50000
 0.00000  0.00000  1.00000  0.00000
op003=-x,y+1/2,-z
-1.00000  0.00000  0.00000  0.00000
 0.00000  1.00000  0.00000  0.50000
 0.00000  0.00000 -1.00000  0.00000
op004=x+1/2,-y,-z
 1.00000  0.00000  0.00000  0.50000
 0.00000 -1.00000  0.00000  0.00000
 0.00000  0.00000 -1.00000  0.00000
op005=-x,-y,-z
-1.00000  0.00000  0.00000  0.00000
 0.00000 -1.00000  0.00000  0.00000
 0.00000  0.00000 -1.00000  0.00000
op006=x+1/2,y+1/2,-z
 1.00000  0.00000  0.00000  0.50000
 0.00000  1.00000  0.00000  0.50000
 0.00000  0.00000 -1.00000  0.00000
op007=x,-y+1/2,z
 1.00000  0.00000  0.00000  0.00000
 0.00000 -1.00000  0.00000  0.50000
 0.00000  0.00000  1.00000  0.00000
op008=-x+1/2,y,z
-1.00000  0.00000  0.00000  0.50000
 0.00000  1.00000  0.00000  0.00000
 0.00000  0.00000  1.00000  0.00000

GroupID=47    Name=cmmm    OpNum=16    SystemID=3    System=orthorhombic
op001=x,y,z
 1.00000  0.00000  0.00000  0.00000
 0.00000  1.00000  0.00000  0.00000
 0.00000  0.00000  1.00000  0.00000
op002=-x,-y,z
-1.00000  0.00000  0.00000  0.00000
 0.00000 -1.00000  0.00000  0.00000
 0.00000  0.00000  1.00000  0.00000
op003=-x,y,-z
-1.00000  0.00000  0.00000  0.00000
 0.00000  1.00000  0.00000  0.00000
 0.00000  0.00000 -1.00000  0.00000
op004=x,-y,-z
 1.00000  0.00000  0.00000  0.00000
 0.00000 -1.00000  0.00000  0.00000
 0.00000  0.00000 -1.00000  0.00000
op005=-x,-y,-z
-1.00000  0.00000  0.00000  0.00000
 0.00000 -1.00000  0.00000  0.00000
 0.00000  0.00000 -1.00000  0.00000
op006=x,y,-z
 1.00000  0.00000  0.00000  0.00000
 0.00000  1.00000  0.00000  0.00000
 0.00000  0.00000 -1.00000  0.00000
op007=x,-y,z
 1.00000  0.00000  0.00000  0.00000
 0.00000 -1.00000  0.00000  0.00000
 0.00000  0.00000  1.00000  0.00000
op008=-x,y,z
-1.00000  0.00000  0.00000  0.00000
 0.00000  1.00000  0.00000  0.00000
 0.00000  0.00000  1.00000  0.00000
op009=x+1/2,y+1/2,z
 1.00000  0.00000  0.00000  0.50000
 0.00000  1.00000  0.00000  0.50000
 0.00000  0.00000  1.00000  0.00000
op010=-x+1/2,-y+1/2,z
-1.00000  0.00000  0.00000  0.50000
 0.00000 -1.00000  0.00000  0.50000
 0.00000  0.00000  1.00000  0.00000
op011=-x+1/2,y+1/2,-z
-1.00000  0.00000  0.00000  0.50000
 0.00000  1.00000  0.00000  0.50000
 0.00000  0.00000 -1.00000  0.00000
op012=x+1/2,-y+1/2,-z
 1.00000  0.00000  0.00000  0.50000
 0.00000 -1.00000  0.00000  0.50000
 0.00000  0.00000 -1.00000  0.00000
op013=-x+1/2,-y+1/2,-z
-1.00000  0.00000  0.00000  0.50000
 0.00000 -1.00000  0.00000  0.50000
 0.00000  0.00000 -1.00000  0.00000
op014=x+1/2,y+1/2,-z
 1.00000  0.00000  0.00000  0.50000
 0.00000  1.00000  0.00000  0.50000
 0.00000  0.00000 -1.00000  0.00000
op015=x+1/2,-y+1/2,z
 1.00000  0.00000  0.00000  0.50000
 0.00000 -1.00000  0.00000  0.50000
 0.00000  0.00000  1.00000  0.00000
op016=-x+1/2,y+1/2,z
-1.00000  0.00000  0.00000  0.50000
 0.00000  1.00000  0.00000  0.50000
 0.00000  0.00000  1.00000  0.00000

GroupID=48    Name=cmme    OpNum=16    SystemID=3    System=orthorhombic    SystemID=4    System=tetragonal
op001=x,y,z
 1.00000  0.00000  0.00000  0.00000
 0.00000  1.00000  0.00000  0.00000
 0.00000  0.00000  1.00000  0.00000
op002=-x,-y+1/2,z
-1.00000  0.00000  0.00000  0.00000
 0.00000 -1.00000  0.00000  0.50000
 0.00000  0.00000  1.00000  0.00000
op003=-x,y+1/2,-z
-1.00000  0.00000  0.00000  0.00000
 0.00000  1.00000  0.00000  0.50000
 0.00000  0.00000 -1.00000  0.00000
op004=x,-y,-z
 1.00000  0.00000  0.00000  0.00000
 0.00000 -1.00000  0.00000  0.00000
 0.00000  0.00000 -1.00000  0.00000
op005=-x,-y,-z
-1.00000  0.00000  0.00000  0.00000
 0.00000 -1.00000  0.00000  0.00000
 0.00000  0.00000 -1.00000  0.00000
op006=x,y+1/2,-z
 1.00000  0.00000  0.00000  0.00000
 0.00000  1.00000  0.00000  0.50000
 0.00000  0.00000 -1.00000  0.00000
op007=x,-y+1/2,z
 1.00000  0.00000  0.00000  0.00000
 0.00000 -1.00000  0.00000  0.50000
 0.00000  0.00000  1.00000  0.00000
op008=-x,y,z
-1.00000  0.00000  0.00000  0.00000
 0.00000  1.00000  0.00000  0.00000
 0.00000  0.00000  1.00000  0.00000
op009=x+1/2,y+1/2,z
 1.00000  0.00000  0.00000  0.50000
 0.00000  1.00000  0.00000  0.50000
 0.00000  0.00000  1.00000  0.00000
op010=-x+1/2,-y,z
-1.00000  0.00000  0.00000  0.50000
 0.00000 -1.00000  0.00000  0.00000
 0.00000  0.00000  1.00000  0.00000
op011=-x+1/2,y,-z
-1.00000  0.00000  0.00000  0.50000
 0.00000  1.00000  0.00000  0.00000
 0.00000  0.00000 -1.00000  0.00000
op012=x+1/2,-y+1/2,-z
 1.00000  0.00000  0.00000  0.50000
 0.00000 -1.00000  0.00000  0.50000
 0.00000  0.00000 -1.00000  0.00000
op013=-x+1/2,-y+1/2,-z
-1.00000  0.00000  0.00000  0.50000
 0.00000 -1.00000  0.00000  0.50000
 0.00000  0.00000 -1.00000  0.00000
op014=x+1/2,y,-z
 1.00000  0.00000  0.00000  0.50000
 0.00000  1.00000  0.00000  0.00000
 0.00000  0.00000 -1.00000  0.00000
op015=x+1/2,-y,z
 1.00000  0.00000  0.00000  0.50000
 0.00000 -1.00000  0.00000  0.00000
 0.00000  0.00000  1.00000  0.00000
op016=-x+1/2,y+1/2,z
-1.00000  0.00000  0.00000  0.50000
 0.00000  1.00000  0.00000  0.50000
 0.00000  0.00000  1.00000  0.00000

GroupID=49    Name=p4    OpNum=4    SystemID=4    System=tetragonal
op001=x,y,z
 1.00000  0.00000  0.00000  0.00000
 0.00000  1.00000  0.00000  0.00000
 0.00000  0.00000  1.00000  0.00000
op002=-x,-y,z
-1.00000  0.00000  0.00000  0.00000
 0.00000 -1.00000  0.00000  0.00000
 0.00000  0.00000  1.00000  0.00000
op003=-y,x,z
 0.00000 -1.00000  0.00000  0.00000
 1.00000  0.00000  0.00000  0.00000
 0.00000  0.00000  1.00000  0.00000
op004=y,-x,z
 0.00000  1.00000  0.00000  0.00000
-1.00000  0.00000  0.00000  0.00000
 0.00000  0.00000  1.00000  0.00000

GroupID=50    Name=p-4    OpNum=4    SystemID=4    System=tetragonal
op001=x,y,z
 1.00000  0.00000  0.00000  0.00000
 0.00000  1.00000  0.00000  0.00000
 0.00000  0.00000  1.00000  0.00000
op002=-x,-y,z
-1.00000  0.00000  0.00000  0.00000
 0.00000 -1.00000  0.00000  0.00000
 0.00000  0.00000  1.00000  0.00000
op003=y,-x,-z
 0.00000  1.00000  0.00000  0.00000
-1.00000  0.00000  0.00000  0.00000
 0.00000  0.00000 -1.00000  0.00000
op004=-y,x,-z
 0.00000 -1.00000  0.00000  0.00000
 1.00000  0.00000  0.00000  0.00000
 0.00000  0.00000 -1.00000  0.00000

GroupID=(    Name=4/m    OpNum=8    SystemID=4    System=tetragonal
op001=x,y,z
 1.00000  0.00000  0.00000  0.00000
 0.00000  1.00000  0.00000  0.00000
 0.00000  0.00000  1.00000  0.00000
op002=-x,-y,z
-1.00000  0.00000  0.00000  0.00000
 0.00000 -1.00000  0.00000  0.00000
 0.00000  0.00000  1.00000  0.00000
op003=-y,x,z
 0.00000 -1.00000  0.00000  0.00000
 1.00000  0.00000  0.00000  0.00000
 0.00000  0.00000  1.00000  0.00000
op004=y,-x,z
 0.00000  1.00000  0.00000  0.00000
-1.00000  0.00000  0.00000  0.00000
 0.00000  0.00000  1.00000  0.00000
op005=-x,-y,-z
-1.00000  0.00000  0.00000  0.00000
 0.00000 -1.00000  0.00000  0.00000
 0.00000  0.00000 -1.00000  0.00000
op006=x,y,-z
 1.00000  0.00000  0.00000  0.00000
 0.00000  1.00000  0.00000  0.00000
 0.00000  0.00000 -1.00000  0.00000
op007=y,-x,-z
 0.00000  1.00000  0.00000  0.00000
-1.00000  0.00000  0.00000  0.00000
 0.00000  0.00000 -1.00000  0.00000
op008=-y,x,-z
 0.00000 -1.00000  0.00000  0.00000
 1.00000  0.00000  0.00000  0.00000
 0.00000  0.00000 -1.00000  0.00000

GroupID=52    Name=p4/n:origin1    OpNum=8    SystemID=4    System=tetragonal
op001=x,y,z
 1.00000  0.00000  0.00000  0.00000
 0.00000  1.00000  0.00000  0.00000
 0.00000  0.00000  1.00000  0.00000
op002=-x,-y,z
-1.00000  0.00000  0.00000  0.00000
 0.00000 -1.00000  0.00000  0.00000
 0.00000  0.00000  1.00000  0.00000
op003=-y,x,z
 0.00000 -1.00000  0.00000  0.00000
 1.00000  0.00000  0.00000  0.00000
 0.00000  0.00000  1.00000  0.00000
op004=y,-x,z
 0.00000  1.00000  0.00000  0.00000
-1.00000  0.00000  0.00000  0.00000
 0.00000  0.00000  1.00000  0.00000
op005=-x+1/2,-y+1/2,-z
-1.00000  0.00000  0.00000  0.50000
 0.00000 -1.00000  0.00000  0.50000
 0.00000  0.00000 -1.00000  0.00000
op006=x+1/2,y+1/2,-z
 1.00000  0.00000  0.00000  0.50000
 0.00000  1.00000  0.00000  0.50000
 0.00000  0.00000 -1.00000  0.00000
op007=y+1/2,-x+1/2,-z
 0.00000  1.00000  0.00000  0.50000
-1.00000  0.00000  0.00000  0.50000
 0.00000  0.00000 -1.00000  0.00000
op008=-y+1/2,x+1/2,-z
 0.00000 -1.00000  0.00000  0.50000
 1.00000  0.00000  0.00000  0.50000
 0.00000  0.00000 -1.00000  0.00000

GroupID=53    Name=p422    OpNum=8    SystemID=4    System=tetragonal
op001=x,y,z
 1.00000  0.00000  0.00000  0.00000
 0.00000  1.00000  0.00000  0.00000
 0.00000  0.00000  1.00000  0.00000
op002=-x,-y,z
-1.00000  0.00000  0.00000  0.00000
 0.00000 -1.00000  0.00000  0.00000
 0.00000  0.00000  1.00000  0.00000
op003=-y,x,z
 0.00000 -1.00000  0.00000  0.00000
 1.00000  0.00000  0.00000  0.00000
 0.00000  0.00000  1.00000  0.00000
op004=y,-x,z
 0.00000  1.00000  0.00000  0.00000
-1.00000  0.00000  0.00000  0.00000
 0.00000  0.00000  1.00000  0.00000
op005=-x,y,-z
-1.00000  0.00000  0.00000  0.00000
 0.00000  1.00000  0.00000  0.00000
 0.00000  0.00000 -1.00000  0.00000
op006=x,-y,-z
 1.00000  0.00000  0.00000  0.00000
 0.00000 -1.00000  0.00000  0.00000
 0.00000  0.00000 -1.00000  0.00000
op007=y,x,-z
 0.00000  1.00000  0.00000  0.00000
 1.00000  0.00000  0.00000  0.00000
 0.00000  0.00000 -1.00000  0.00000
op008=-y,-x,-z
 0.00000 -1.00000  0.00000  0.00000
-1.00000  0.00000  0.00000  0.00000
 0.00000  0.00000 -1.00000  0.00000

GroupID=54    Name=p4212    OpNum=8    SystemID=4    System=tetragonal
op001=x,y,z
 1.00000  0.00000  0.00000  0.00000
 0.00000  1.00000  0.00000  0.00000
 0.00000  0.00000  1.00000  0.00000
op002=-x,-y,z
-1.00000  0.00000  0.00000  0.00000
 0.00000 -1.00000  0.00000  0.00000
 0.00000  0.00000  1.00000  0.00000
op003=-y,x,z
 0.00000 -1.00000  0.00000  0.00000
 1.00000  0.00000  0.00000  0.00000
 0.00000  0.00000  1.00000  0.00000
op004=y,-x,z
 0.00000  1.00000  0.00000  0.00000
-1.00000  0.00000  0.00000  0.00000
 0.00000  0.00000  1.00000  0.00000
op005=-x+1/2,y+1/2,-z
-1.00000  0.00000  0.00000  0.50000
 0.00000  1.00000  0.00000  0.50000
 0.00000  0.00000 -1.00000  0.00000
op006=x+1/2,-y+1/2,-z
 1.00000  0.00000  0.00000  0.50000
 0.00000 -1.00000  0.00000  0.50000
 0.00000  0.00000 -1.00000  0.00000
op007=y+1/2,x+1/2,-z
 0.00000  1.00000  0.00000  0.50000
 1.00000  0.00000  0.00000  0.50000
 0.00000  0.00000 -1.00000  0.00000
op008=-y+1/2,-x+1/2,-z
 0.00000 -1.00000  0.00000  0.50000
-1.00000  0.00000  0.00000  0.50000
 0.00000  0.00000 -1.00000  0.00000

GroupID=55    Name=p4mm    OpNum=8    SystemID=4    System=tetragonal
op001=x,y,z
 1.00000  0.00000  0.00000  0.00000
 0.00000  1.00000  0.00000  0.00000
 0.00000  0.00000  1.00000  0.00000
op002=-x,-y,z
-1.00000  0.00000  0.00000  0.00000
 0.00000 -1.00000  0.00000  0.00000
 0.00000  0.00000  1.00000  0.00000
op003=-y,x,z
 0.00000 -1.00000  0.00000  0.00000
 1.00000  0.00000  0.00000  0.00000
 0.00000  0.00000  1.00000  0.00000
op004=y,-x,z
 0.00000  1.00000  0.00000  0.00000
-1.00000  0.00000  0.00000  0.00000
 0.00000  0.00000  1.00000  0.00000
op005=x,-y,z
 1.00000  0.00000  0.00000  0.00000
 0.00000 -1.00000  0.00000  0.00000
 0.00000  0.00000  1.00000  0.00000
op006=-x,y,z
-1.00000  0.00000  0.00000  0.00000
 0.00000  1.00000  0.00000  0.00000
 0.00000  0.00000  1.00000  0.00000
op007=-y,-x,z
 0.00000 -1.00000  0.00000  0.00000
-1.00000  0.00000  0.00000  0.00000
 0.00000  0.00000  1.00000  0.00000
op008=y,x,z
 0.00000  1.00000  0.00000  0.00000
 1.00000  0.00000  0.00000  0.00000
 0.00000  0.00000  1.00000  0.00000

GroupID=56    Name=p4bm    OpNum=8    SystemID=4    System=tetragonal
op001=x,y,z
 1.00000  0.00000  0.00000  0.00000
 0.00000  1.00000  0.00000  0.00000
 0.00000  0.00000  1.00000  0.00000
op002=-x,-y,z
-1.00000  0.00000  0.00000  0.00000
 0.00000 -1.00000  0.00000  0.00000
 0.00000  0.00000  1.00000  0.00000
op003=-y,x,z
 0.00000 -1.00000  0.00000  0.00000
 1.00000  0.00000  0.00000  0.00000
 0.00000  0.00000  1.00000  0.00000
op004=y,-x,z
 0.00000  1.00000  0.00000  0.00000
-1.00000  0.00000  0.00000  0.00000
 0.00000  0.00000  1.00000  0.00000
op005=x+1/2,-y+1/2,z
 1.00000  0.00000  0.00000  0.50000
 0.00000 -1.00000  0.00000  0.50000
 0.00000  0.00000  1.00000  0.00000
op006=-x+1/2,y+1/2,z
-1.00000  0.00000  0.00000  0.50000
 0.00000  1.00000  0.00000  0.50000
 0.00000  0.00000  1.00000  0.00000
op007=-y+1/2,-x+1/2,z
 0.00000 -1.00000  0.00000  0.50000
-1.00000  0.00000  0.00000  0.50000
 0.00000  0.00000  1.00000  0.00000
op008=y+1/2,x+1/2,z
 0.00000  1.00000  0.00000  0.50000
 1.00000  0.00000  0.00000  0.50000
 0.00000  0.00000  1.00000  0.00000

GroupID=57    Name=p-42m    OpNum=8    SystemID=4    System=tetragonal
op001=x,y,z
 1.00000  0.00000  0.00000  0.00000
 0.00000  1.00000  0.00000  0.00000
 0.00000  0.00000  1.00000  0.00000
op002=-x,-y,z
-1.00000  0.00000  0.00000  0.00000
 0.00000 -1.00000  0.00000  0.00000
 0.00000  0.00000  1.00000  0.00000
op003=y,-x,-z
 0.00000  1.00000  0.00000  0.00000
-1.00000  0.00000  0.00000  0.00000
 0.00000  0.00000 -1.00000  0.00000
op004=-y,x,-z
 0.00000 -1.00000  0.00000  0.00000
 1.00000  0.00000  0.00000  0.00000
 0.00000  0.00000 -1.00000  0.00000
op005=-x,y,-z
-1.00000  0.00000  0.00000  0.00000
 0.00000  1.00000  0.00000  0.00000
 0.00000  0.00000 -1.00000  0.00000
op006=x,-y,-z
 1.00000  0.00000  0.00000  0.00000
 0.00000 -1.00000  0.00000  0.00000
 0.00000  0.00000 -1.00000  0.00000
op007=-y,-x,z
 0.00000 -1.00000  0.00000  0.00000
-1.00000  0.00000  0.00000  0.00000
 0.00000  0.00000  1.00000  0.00000
op008=y,x,z
 0.00000  1.00000  0.00000  0.00000
 1.00000  0.00000  0.00000  0.00000
 0.00000  0.00000  1.00000  0.00000

GroupID=58    Name=p-421m    OpNum=8    SystemID=4    System=tetragonal
op001=x,y,z
 1.00000  0.00000  0.00000  0.00000
 0.00000  1.00000  0.00000  0.00000
 0.00000  0.00000  1.00000  0.00000
op002=-x,-y,z
-1.00000  0.00000  0.00000  0.00000
 0.00000 -1.00000  0.00000  0.00000
 0.00000  0.00000  1.00000  0.00000
op003=y,-x,-z
 0.00000  1.00000  0.00000  0.00000
-1.00000  0.00000  0.00000  0.00000
 0.00000  0.00000 -1.00000  0.00000
op004=-y,x,-z
 0.00000 -1.00000  0.00000  0.00000
 1.00000  0.00000  0.00000  0.00000
 0.00000  0.00000 -1.00000  0.00000
op005=-x+1/2,y+1/2,-z
-1.00000  0.00000  0.00000  0.50000
 0.00000  1.00000  0.00000  0.50000
 0.00000  0.00000 -1.00000  0.00000
op006=x+1/2,-y+1/2,-z
 1.00000  0.00000  0.00000  0.50000
 0.00000 -1.00000  0.00000  0.50000
 0.00000  0.00000 -1.00000  0.00000
op007=-y+1/2,-x+1/2,z
 0.00000 -1.00000  0.00000  0.50000
-1.00000  0.00000  0.00000  0.50000
 0.00000  0.00000  1.00000  0.00000
op008=y+1/2,x+1/2,z
 0.00000  1.00000  0.00000  0.50000
 1.00000  0.00000  0.00000  0.50000
 0.00000  0.00000  1.00000  0.00000

GroupID=59    Name=p-4m2    OpNum=8    SystemID=4    System=tetragonal
op001=x,y,z
 1.00000  0.00000  0.00000  0.00000
 0.00000  1.00000  0.00000  0.00000
 0.00000  0.00000  1.00000  0.00000
op002=-x,-y,z
-1.00000  0.00000  0.00000  0.00000
 0.00000 -1.00000  0.00000  0.00000
 0.00000  0.00000  1.00000  0.00000
op003=y,-x,-z
 0.00000  1.00000  0.00000  0.00000
-1.00000  0.00000  0.00000  0.00000
 0.00000  0.00000 -1.00000  0.00000
op004=-y,x,-z
 0.00000 -1.00000  0.00000  0.00000
 1.00000  0.00000  0.00000  0.00000
 0.00000  0.00000 -1.00000  0.00000
op005=x,-y,z
 1.00000  0.00000  0.00000  0.00000
 0.00000 -1.00000  0.00000  0.00000
 0.00000  0.00000  1.00000  0.00000
op006=-x,y,z
-1.00000  0.00000  0.00000  0.00000
 0.00000  1.00000  0.00000  0.00000
 0.00000  0.00000  1.00000  0.00000
op007=y,x,-z
 0.00000  1.00000  0.00000  0.00000
 1.00000  0.00000  0.00000  0.00000
 0.00000  0.00000 -1.00000  0.00000
op008=-y,-x,-z
 0.00000 -1.00000  0.00000  0.00000
-1.00000  0.00000  0.00000  0.00000
 0.00000  0.00000 -1.00000  0.00000

GroupID=60    Name=p-4b2    OpNum=8    SystemID=4    System=tetragonal
op001=x,y,z
 1.00000  0.00000  0.00000  0.00000
 0.00000  1.00000  0.00000  0.00000
 0.00000  0.00000  1.00000  0.00000
op002=-x,-y,z
-1.00000  0.00000  0.00000  0.00000
 0.00000 -1.00000  0.00000  0.00000
 0.00000  0.00000  1.00000  0.00000
op003=y,-x,-z
 0.00000  1.00000  0.00000  0.00000
-1.00000  0.00000  0.00000  0.00000
 0.00000  0.00000 -1.00000  0.00000
op004=-y,x,-z
 0.00000 -1.00000  0.00000  0.00000
 1.00000  0.00000  0.00000  0.00000
 0.00000  0.00000 -1.00000  0.00000
op005=x+1/2,-y+1/2,z
 1.00000  0.00000  0.00000  0.50000
 0.00000 -1.00000  0.00000  0.50000
 0.00000  0.00000  1.00000  0.00000
op006=-x+1/2,y+1/2,z
-1.00000  0.00000  0.00000  0.50000
 0.00000  1.00000  0.00000  0.50000
 0.00000  0.00000  1.00000  0.00000
op007=y+1/2,x+1/2,-z
 0.00000  1.00000  0.00000  0.50000
 1.00000  0.00000  0.00000  0.50000
 0.00000  0.00000 -1.00000  0.00000
op008=-y+1/2,-x+1/2,-z
 0.00000 -1.00000  0.00000  0.50000
-1.00000  0.00000  0.00000  0.50000
 0.00000  0.00000 -1.00000  0.00000

GroupID=61    Name=p4/mmm    OpNum=16    SystemID=4    System=tetragonal
op001=x,y,z
 1.00000  0.00000  0.00000  0.00000
 0.00000  1.00000  0.00000  0.00000
 0.00000  0.00000  1.00000  0.00000
op002=-x,-y,z
-1.00000  0.00000  0.00000  0.00000
 0.00000 -1.00000  0.00000  0.00000
 0.00000  0.00000  1.00000  0.00000
op003=-y,x,z
 0.00000 -1.00000  0.00000  0.00000
 1.00000  0.00000  0.00000  0.00000
 0.00000  0.00000  1.00000  0.00000
op004=y,-x,z
 0.00000  1.00000  0.00000  0.00000
-1.00000  0.00000  0.00000  0.00000
 0.00000  0.00000  1.00000  0.00000
op005=-x,y,-z
-1.00000  0.00000  0.00000  0.00000
 0.00000  1.00000  0.00000  0.00000
 0.00000  0.00000 -1.00000  0.00000
op006=x,-y,-z
 1.00000  0.00000  0.00000  0.00000
 0.00000 -1.00000  0.00000  0.00000
 0.00000  0.00000 -1.00000  0.00000
op007=y,x,-z
 0.00000  1.00000  0.00000  0.00000
 1.00000  0.00000  0.00000  0.00000
 0.00000  0.00000 -1.00000  0.00000
op008=-y,-x,-z
 0.00000 -1.00000  0.00000  0.00000
-1.00000  0.00000  0.00000  0.00000
 0.00000  0.00000 -1.00000  0.00000
op009=-x,-y,-z
-1.00000  0.00000  0.00000  0.00000
 0.00000 -1.00000  0.00000  0.00000
 0.00000  0.00000 -1.00000  0.00000
op010=x,y,-z
 1.00000  0.00000  0.00000  0.00000
 0.00000  1.00000  0.00000  0.00000
 0.00000  0.00000 -1.00000  0.00000
op011=y,-x,-z
 0.00000  1.00000  0.00000  0.00000
-1.00000  0.00000  0.00000  0.00000
 0.00000  0.00000 -1.00000  0.00000
op012=-y,x,-z
 0.00000 -1.00000  0.00000  0.00000
 1.00000  0.00000  0.00000  0.00000
 0.00000  0.00000 -1.00000  0.00000
op013=x,-y,z
 1.00000  0.00000  0.00000  0.00000
 0.00000 -1.00000  0.00000  0.00000
 0.00000  0.00000  1.00000  0.00000
op014=-x,y,z
-1.00000  0.00000  0.00000  0.00000
 0.00000  1.00000  0.00000  0.00000
 0.00000  0.00000  1.00000  0.00000
op015=-y,-x,z
 0.00000 -1.00000  0.00000  0.00000
-1.00000  0.00000  0.00000  0.00000
 0.00000  0.00000  1.00000  0.00000
op016=y,x,z
 0.00000  1.00000  0.00000  0.00000
 1.00000  0.00000  0.00000  0.00000
 0.00000  0.00000  1.00000  0.00000

GroupID=(    Name=4/nbm:origin1    OpNum=16    SystemID=4    System=tetragonal
op001=x,y,z
 1.00000  0.00000  0.00000  0.00000
 0.00000  1.00000  0.00000  0.00000
 0.00000  0.00000  1.00000  0.00000
op002=-x,-y,z
-1.00000  0.00000  0.00000  0.00000
 0.00000 -1.00000  0.00000  0.00000
 0.00000  0.00000  1.00000  0.00000
op003=-y,x,z
 0.00000 -1.00000  0.00000  0.00000
 1.00000  0.00000  0.00000  0.00000
 0.00000  0.00000  1.00000  0.00000
op004=y,-x,z
 0.00000  1.00000  0.00000  0.00000
-1.00000  0.00000  0.00000  0.00000
 0.00000  0.00000  1.00000  0.00000
op005=-x,y,-z
-1.00000  0.00000  0.00000  0.00000
 0.00000  1.00000  0.00000  0.00000
 0.00000  0.00000 -1.00000  0.00000
op006=x,-y,-z
 1.00000  0.00000  0.00000  0.00000
 0.00000 -1.00000  0.00000  0.00000
 0.00000  0.00000 -1.00000  0.00000
op007=y,x,-z
 0.00000  1.00000  0.00000  0.00000
 1.00000  0.00000  0.00000  0.00000
 0.00000  0.00000 -1.00000  0.00000
op008=-y,-x,-z
 0.00000 -1.00000  0.00000  0.00000
-1.00000  0.00000  0.00000  0.00000
 0.00000  0.00000 -1.00000  0.00000
op009=-x+1/2,-y+1/2,-z
-1.00000  0.00000  0.00000  0.50000
 0.00000 -1.00000  0.00000  0.50000
 0.00000  0.00000 -1.00000  0.00000
op010=x+1/2,y+1/2,-z
 1.00000  0.00000  0.00000  0.50000
 0.00000  1.00000  0.00000  0.50000
 0.00000  0.00000 -1.00000  0.00000
op011=y+1/2,-x+1/2,-z
 0.00000  1.00000  0.00000  0.50000
-1.00000  0.00000  0.00000  0.50000
 0.00000  0.00000 -1.00000  0.00000
op012=-y+1/2,x+1/2,-z
 0.00000 -1.00000  0.00000  0.50000
 1.00000  0.00000  0.00000  0.50000
 0.00000  0.00000 -1.00000  0.00000
op013=x+1/2,-y+1/2,z
 1.00000  0.00000  0.00000  0.50000
 0.00000 -1.00000  0.00000  0.50000
 0.00000  0.00000  1.00000  0.00000
op014=-x+1/2,y+1/2,z
-1.00000  0.00000  0.00000  0.50000
 0.00000  1.00000  0.00000  0.50000
 0.00000  0.00000  1.00000  0.00000
op015=-y+1/2,-x+1/2,z
 0.00000 -1.00000  0.00000  0.50000
-1.00000  0.00000  0.00000  0.50000
 0.00000  0.00000  1.00000  0.00000
op016=y+1/2,x+1/2,z
 0.00000  1.00000  0.00000  0.50000
 1.00000  0.00000  0.00000  0.50000
 0.00000  0.00000  1.00000  0.00000

GroupID=63    Name=p4/mbm    OpNum=16    SystemID=4    System=tetragonal
op001=x,y,z
 1.00000  0.00000  0.00000  0.00000
 0.00000  1.00000  0.00000  0.00000
 0.00000  0.00000  1.00000  0.00000
op002=-x,-y,z
-1.00000  0.00000  0.00000  0.00000
 0.00000 -1.00000  0.00000  0.00000
 0.00000  0.00000  1.00000  0.00000
op003=-y,x,z
 0.00000 -1.00000  0.00000  0.00000
 1.00000  0.00000  0.00000  0.00000
 0.00000  0.00000  1.00000  0.00000
op004=y,-x,z
 0.00000  1.00000  0.00000  0.00000
-1.00000  0.00000  0.00000  0.00000
 0.00000  0.00000  1.00000  0.00000
op005=-x+1/2,y+1/2,-z
-1.00000  0.00000  0.00000  0.50000
 0.00000  1.00000  0.00000  0.50000
 0.00000  0.00000 -1.00000  0.00000
op006=x+1/2,-y+1/2,-z
 1.00000  0.00000  0.00000  0.50000
 0.00000 -1.00000  0.00000  0.50000
 0.00000  0.00000 -1.00000  0.00000
op007=y+1/2,x+1/2,-z
 0.00000  1.00000  0.00000  0.50000
 1.00000  0.00000  0.00000  0.50000
 0.00000  0.00000 -1.00000  0.00000
op008=-y+1/2,-x+1/2,-z
 0.00000 -1.00000  0.00000  0.50000
-1.00000  0.00000  0.00000  0.50000
 0.00000  0.00000 -1.00000  0.00000
op009=-x,-y,-z
-1.00000  0.00000  0.00000  0.00000
 0.00000 -1.00000  0.00000  0.00000
 0.00000  0.00000 -1.00000  0.00000
op010=x,y,-z
 1.00000  0.00000  0.00000  0.00000
 0.00000  1.00000  0.00000  0.00000
 0.00000  0.00000 -1.00000  0.00000
op011=y,-x,-z
 0.00000  1.00000  0.00000  0.00000
-1.00000  0.00000  0.00000  0.00000
 0.00000  0.00000 -1.00000  0.00000
op012=-y,x,-z
 0.00000 -1.00000  0.00000  0.00000
 1.00000  0.00000  0.00000  0.00000
 0.00000  0.00000 -1.00000  0.00000
op013=x+1/2,-y+1/2,z
 1.00000  0.00000  0.00000  0.50000
 0.00000 -1.00000  0.00000  0.50000
 0.00000  0.00000  1.00000  0.00000
op014=-x+1/2,y+1/2,z
-1.00000  0.00000  0.00000  0.50000
 0.00000  1.00000  0.00000  0.50000
 0.00000  0.00000  1.00000  0.00000
op015=-y+1/2,-x+1/2,z
 0.00000 -1.00000  0.00000  0.50000
-1.00000  0.00000  0.00000  0.50000
 0.00000  0.00000  1.00000  0.00000
op016=y+1/2,x+1/2,z
 0.00000  1.00000  0.00000  0.50000
 1.00000  0.00000  0.00000  0.50000
 0.00000  0.00000  1.00000  0.00000

GroupID=64    Name=p4/nmm:origin1    OpNum=16    SystemID=4    System=tetragonal
op001=x,y,z
 1.00000  0.00000  0.00000  0.00000
 0.00000  1.00000  0.00000  0.00000
 0.00000  0.00000  1.00000  0.00000
op002=-x,-y,z
-1.00000  0.00000  0.00000  0.00000
 0.00000 -1.00000  0.00000  0.00000
 0.00000  0.00000  1.00000  0.00000
op003=-y,x,z
 0.00000 -1.00000  0.00000  0.00000
 1.00000  0.00000  0.00000  0.00000
 0.00000  0.00000  1.00000  0.00000
op004=y,-x,z
 0.00000  1.00000  0.00000  0.00000
-1.00000  0.00000  0.00000  0.00000
 0.00000  0.00000  1.00000  0.00000
op005=-x+1/2,y+1/2,-z
-1.00000  0.00000  0.00000  0.50000
 0.00000  1.00000  0.00000  0.50000
 0.00000  0.00000 -1.00000  0.00000
op006=x+1/2,-y+1/2,-z
 1.00000  0.00000  0.00000  0.50000
 0.00000 -1.00000  0.00000  0.50000
 0.00000  0.00000 -1.00000  0.00000
op007=y+1/2,x+1/2,-z
 0.00000  1.00000  0.00000  0.50000
 1.00000  0.00000  0.00000  0.50000
 0.00000  0.00000 -1.00000  0.00000
op008=-y+1/2,-x+1/2,-z
 0.00000 -1.00000  0.00000  0.50000
-1.00000  0.00000  0.00000  0.50000
 0.00000  0.00000 -1.00000  0.00000
op009=-x+1/2,-y+1/2,-z
-1.00000  0.00000  0.00000  0.50000
 0.00000 -1.00000  0.00000  0.50000
 0.00000  0.00000 -1.00000  0.00000
op010=x+1/2,y+1/2,-z
 1.00000  0.00000  0.00000  0.50000
 0.00000  1.00000  0.00000  0.50000
 0.00000  0.00000 -1.00000  0.00000
op011=y+1/2,-x+1/2,-z
 0.00000  1.00000  0.00000  0.50000
-1.00000  0.00000  0.00000  0.50000
 0.00000  0.00000 -1.00000  0.00000
op012=-y+1/2,x+1/2,-z
 0.00000 -1.00000  0.00000  0.50000
 1.00000  0.00000  0.00000  0.50000
 0.00000  0.00000 -1.00000  0.00000
op013=x,-y,z
 1.00000  0.00000  0.00000  0.00000
 0.00000 -1.00000  0.00000  0.00000
 0.00000  0.00000  1.00000  0.00000
op014=-x,y,z
-1.00000  0.00000  0.00000  0.00000
 0.00000  1.00000  0.00000  0.00000
 0.00000  0.00000  1.00000  0.00000
op015=-y,-x,z
 0.00000 -1.00000  0.00000  0.00000
-1.00000  0.00000  0.00000  0.00000
 0.00000  0.00000  1.00000  0.00000
op016=y,x,z
 0.00000  1.00000  0.00000  0.00000
 1.00000  0.00000  0.00000  0.00000
 0.00000  0.00000  1.00000  0.00000

GroupID=65    Name=p3    OpNum=3    SystemID=5    System=trigonal
op001=x,y,z
 1.00000  0.00000  0.00000  0.00000
 0.00000  1.00000  0.00000  0.00000
 0.00000  0.00000  1.00000  0.00000
op002=-y,x-y,z
 0.00000 -1.00000  0.00000  0.00000
 1.00000 -1.00000  0.00000  0.00000
 0.00000  0.00000  1.00000  0.00000
op003=-x+y,-x,z
-1.00000  1.00000  0.00000  0.00000
-1.00000  0.00000  0.00000  0.00000
 0.00000  0.00000  1.00000  0.00000

GroupID=66    Name=p-3    OpNum=6    SystemID=5    System=trigonal
op001=x,y,z
 1.00000  0.00000  0.00000  0.00000
 0.00000  1.00000  0.00000  0.00000
 0.00000  0.00000  1.00000  0.00000
op002=-y,x-y,z
 0.00000 -1.00000  0.00000  0.00000
 1.00000 -1.00000  0.00000  0.00000
 0.00000  0.00000  1.00000  0.00000
op003=-x+y,-x,z
-1.00000  1.00000  0.00000  0.00000
-1.00000  0.00000  0.00000  0.00000
 0.00000  0.00000  1.00000  0.00000
op004=-x,-y,-z
-1.00000  0.00000  0.00000  0.00000
 0.00000 -1.00000  0.00000  0.00000
 0.00000  0.00000 -1.00000  0.00000
op005=y,-x+y,-z
 0.00000  1.00000  0.00000  0.00000
-1.00000  1.00000  0.00000  0.00000
 0.00000  0.00000 -1.00000  0.00000
op006=x-y,x,-z
 1.00000 -1.00000  0.00000  0.00000
 1.00000  0.00000  0.00000  0.00000
 0.00000  0.00000 -1.00000  0.00000

GroupID=67    Name=p312    OpNum=6    SystemID=5    System=trigonal
op001=x,y,z
 1.00000  0.00000  0.00000  0.00000
 0.00000  1.00000  0.00000  0.00000
 0.00000  0.00000  1.00000  0.00000
op002=-y,x-y,z
 0.00000 -1.00000  0.00000  0.00000
 1.00000 -1.00000  0.00000  0.00000
 0.00000  0.00000  1.00000  0.00000
op003=-x+y,-x,z
-1.00000  1.00000  0.00000  0.00000
-1.00000  0.00000  0.00000  0.00000
 0.00000  0.00000  1.00000  0.00000
op004=-y,-x,-z
 0.00000 -1.00000  0.00000  0.00000
-1.00000  0.00000  0.00000  0.00000
 0.00000  0.00000 -1.00000  0.00000
op005=-x+y,y,-z
-1.00000  1.00000  0.00000  0.00000
 0.00000  1.00000  0.00000  0.00000
 0.00000  0.00000 -1.00000  0.00000
op006=x,x-y,-z
 1.00000  0.00000  0.00000  0.00000
 1.00000 -1.00000  0.00000  0.00000
 0.00000  0.00000 -1.00000  0.00000

GroupID=68    Name=p321    OpNum=6    SystemID=5    System=trigonal
op001=x,y,z
 1.00000  0.00000  0.00000  0.00000
 0.00000  1.00000  0.00000  0.00000
 0.00000  0.00000  1.00000  0.00000
op002=-y,x-y,z
 0.00000 -1.00000  0.00000  0.00000
 1.00000 -1.00000  0.00000  0.00000
 0.00000  0.00000  1.00000  0.00000
op003=-x+y,-x,z
-1.00000  1.00000  0.00000  0.00000
-1.00000  0.00000  0.00000  0.00000
 0.00000  0.00000  1.00000  0.00000
op004=y,x,-z
 0.00000  1.00000  0.00000  0.00000
 1.00000  0.00000  0.00000  0.00000
 0.00000  0.00000 -1.00000  0.00000
op005=x-y,-y,-z
 1.00000 -1.00000  0.00000  0.00000
 0.00000 -1.00000  0.00000  0.00000
 0.00000  0.00000 -1.00000  0.00000
op006=-x,-x+y,-z
-1.00000  0.00000  0.00000  0.00000
-1.00000  1.00000  0.00000  0.00000
 0.00000  0.00000 -1.00000  0.00000

GroupID=69    Name=p3m1    OpNum=6    SystemID=5    System=trigonal
op001=x,y,z
 1.00000  0.00000  0.00000  0.00000
 0.00000  1.00000  0.00000  0.00000
 0.00000  0.00000  1.00000  0.00000
op002=-y,x-y,z
 0.00000 -1.00000  0.00000  0.00000
 1.00000 -1.00000  0.00000  0.00000
 0.00000  0.00000  1.00000  0.00000
op003=-x+y,-x,z
-1.00000  1.00000  0.00000  0.00000
-1.00000  0.00000  0.00000  0.00000
 0.00000  0.00000  1.00000  0.00000
op004=-y,-x,z
 0.00000 -1.00000  0.00000  0.00000
-1.00000  0.00000  0.00000  0.00000
 0.00000  0.00000  1.00000  0.00000
op005=-x+y,y,z
-1.00000  1.00000  0.00000  0.00000
 0.00000  1.00000  0.00000  0.00000
 0.00000  0.00000  1.00000  0.00000
op006=x,x-y,z
 1.00000  0.00000  0.00000  0.00000
 1.00000 -1.00000  0.00000  0.00000
 0.00000  0.00000  1.00000  0.00000

GroupID=70    Name=p31m    OpNum=6    SystemID=5    System=trigonal
op001=x,y,z
 1.00000  0.00000  0.00000  0.00000
 0.00000  1.00000  0.00000  0.00000
 0.00000  0.00000  1.00000  0.00000
op002=-y,x-y,z
 0.00000 -1.00000  0.00000  0.00000
 1.00000 -1.00000  0.00000  0.00000
 0.00000  0.00000  1.00000  0.00000
op003=-x+y,-x,z
-1.00000  1.00000  0.00000  0.00000
-1.00000  0.00000  0.00000  0.00000
 0.00000  0.00000  1.00000  0.00000
op004=y,x,z
 0.00000  1.00000  0.00000  0.00000
 1.00000  0.00000  0.00000  0.00000
 0.00000  0.00000  1.00000  0.00000
op005=x-y,-y,z
 1.00000 -1.00000  0.00000  0.00000
 0.00000 -1.00000  0.00000  0.00000
 0.00000  0.00000  1.00000  0.00000
op006=-x,-x+y,z
-1.00000  0.00000  0.00000  0.00000
-1.00000  1.00000  0.00000  0.00000
 0.00000  0.00000  1.00000  0.00000

GroupID=(    Name=-31m    OpNum=12    SystemID=5    System=trigonal
op001=x,y,z
 1.00000  0.00000  0.00000  0.00000
 0.00000  1.00000  0.00000  0.00000
 0.00000  0.00000  1.00000  0.00000
op002=-y,x-y,z
 0.00000 -1.00000  0.00000  0.00000
 1.00000 -1.00000  0.00000  0.00000
 0.00000  0.00000  1.00000  0.00000
op003=-x+y,-x,z
-1.00000  1.00000  0.00000  0.00000
-1.00000  0.00000  0.00000  0.00000
 0.00000  0.00000  1.00000  0.00000
op004=-y,-x,-z
 0.00000 -1.00000  0.00000  0.00000
-1.00000  0.00000  0.00000  0.00000
 0.00000  0.00000 -1.00000  0.00000
op005=-x+y,y,-z
-1.00000  1.00000  0.00000  0.00000
 0.00000  1.00000  0.00000  0.00000
 0.00000  0.00000 -1.00000  0.00000
op006=x,x-y,-z
 1.00000  0.00000  0.00000  0.00000
 1.00000 -1.00000  0.00000  0.00000
 0.00000  0.00000 -1.00000  0.00000
op007=-x,-y,-z
-1.00000  0.00000  0.00000  0.00000
 0.00000 -1.00000  0.00000  0.00000
 0.00000  0.00000 -1.00000  0.00000
op008=y,-x+y,-z
 0.00000  1.00000  0.00000  0.00000
-1.00000  1.00000  0.00000  0.00000
 0.00000  0.00000 -1.00000  0.00000
op009=x-y,x,-z
 1.00000 -1.00000  0.00000  0.00000
 1.00000  0.00000  0.00000  0.00000
 0.00000  0.00000 -1.00000  0.00000
op010=y,x,z
 0.00000  1.00000  0.00000  0.00000
 1.00000  0.00000  0.00000  0.00000
 0.00000  0.00000  1.00000  0.00000
op011=x-y,-y,z
 1.00000 -1.00000  0.00000  0.00000
 0.00000 -1.00000  0.00000  0.00000
 0.00000  0.00000  1.00000  0.00000
op012=-x,-x+y,z
-1.00000  0.00000  0.00000  0.00000
-1.00000  1.00000  0.00000  0.00000
 0.00000  0.00000  1.00000  0.00000

GroupID=72    Name=p-3m1    OpNum=12    SystemID=5    System=trigonal
op001=x,y,z
 1.00000  0.00000  0.00000  0.00000
 0.00000  1.00000  0.00000  0.00000
 0.00000  0.00000  1.00000  0.00000
op002=-y,x-y,z
 0.00000 -1.00000  0.00000  0.00000
 1.00000 -1.00000  0.00000  0.00000
 0.00000  0.00000  1.00000  0.00000
op003=-x+y,-x,z
-1.00000  1.00000  0.00000  0.00000
-1.00000  0.00000  0.00000  0.00000
 0.00000  0.00000  1.00000  0.00000
op004=y,x,-z
 0.00000  1.00000  0.00000  0.00000
 1.00000  0.00000  0.00000  0.00000
 0.00000  0.00000 -1.00000  0.00000
op005=x-y,-y,-z
 1.00000 -1.00000  0.00000  0.00000
 0.00000 -1.00000  0.00000  0.00000
 0.00000  0.00000 -1.00000  0.00000
op006=-x,-x+y,-z
-1.00000  0.00000  0.00000  0.00000
-1.00000  1.00000  0.00000  0.00000
 0.00000  0.00000 -1.00000  0.00000
op007=-x,-y,-z
-1.00000  0.00000  0.00000  0.00000
 0.00000 -1.00000  0.00000  0.00000
 0.00000  0.00000 -1.00000  0.00000
op008=y,-x+y,-z
 0.00000  1.00000  0.00000  0.00000
-1.00000  1.00000  0.00000  0.00000
 0.00000  0.00000 -1.00000  0.00000
op009=x-y,x,-z
 1.00000 -1.00000  0.00000  0.00000
 1.00000  0.00000  0.00000  0.00000
 0.00000  0.00000 -1.00000  0.00000
op010=-y,-x,z
 0.00000 -1.00000  0.00000  0.00000
-1.00000  0.00000  0.00000  0.00000
 0.00000  0.00000  1.00000  0.00000
op011=-x+y,y,z
-1.00000  1.00000  0.00000  0.00000
 0.00000  1.00000  0.00000  0.00000
 0.00000  0.00000  1.00000  0.00000
op012=x,x-y,z
 1.00000  0.00000  0.00000  0.00000
 1.00000 -1.00000  0.00000  0.00000
 0.00000  0.00000  1.00000  0.00000

GroupID=73    Name=p6    OpNum=6    SystemID=6    System=hexagonal
op001=x,y,z
 1.00000  0.00000  0.00000  0.00000
 0.00000  1.00000  0.00000  0.00000
 0.00000  0.00000  1.00000  0.00000
op002=-y,x-y,z
 0.00000 -1.00000  0.00000  0.00000
 1.00000 -1.00000  0.00000  0.00000
 0.00000  0.00000  1.00000  0.00000
op003=-x+y,-x,z
-1.00000  1.00000  0.00000  0.00000
-1.00000  0.00000  0.00000  0.00000
 0.00000  0.00000  1.00000  0.00000
op004=-x,-y,z
-1.00000  0.00000  0.00000  0.00000
 0.00000 -1.00000  0.00000  0.00000
 0.00000  0.00000  1.00000  0.00000
op005=y,-x+y,z
 0.00000  1.00000  0.00000  0.00000
-1.00000  1.00000  0.00000  0.00000
 0.00000  0.00000  1.00000  0.00000
op006=x-y,x,z
 1.00000 -1.00000  0.00000  0.00000
 1.00000  0.00000  0.00000  0.00000
 0.00000  0.00000  1.00000  0.00000

GroupID=74    Name=p-6    OpNum=6    SystemID=6    System=hexagonal
op001=x,y,z
 1.00000  0.00000  0.00000  0.00000
 0.00000  1.00000  0.00000  0.00000
 0.00000  0.00000  1.00000  0.00000
op002=-y,x-y,z
 0.00000 -1.00000  0.00000  0.00000
 1.00000 -1.00000  0.00000  0.00000
 0.00000  0.00000  1.00000  0.00000
op003=-x+y,-x,z
-1.00000  1.00000  0.00000  0.00000
-1.00000  0.00000  0.00000  0.00000
 0.00000  0.00000  1.00000  0.00000
op004=x,y,-z
 1.00000  0.00000  0.00000  0.00000
 0.00000  1.00000  0.00000  0.00000
 0.00000  0.00000 -1.00000  0.00000
op005=-y,x-y,-z
 0.00000 -1.00000  0.00000  0.00000
 1.00000 -1.00000  0.00000  0.00000
 0.00000  0.00000 -1.00000  0.00000
op006=-x+y,-x,-z
-1.00000  1.00000  0.00000  0.00000
-1.00000  0.00000  0.00000  0.00000
 0.00000  0.00000 -1.00000  0.00000

GroupID=75    Name=p6/m    OpNum=12    SystemID=6    System=hexagonal
op001=x,y,z
 1.00000  0.00000  0.00000  0.00000
 0.00000  1.00000  0.00000  0.00000
 0.00000  0.00000  1.00000  0.00000
op002=-y,x-y,z
 0.00000 -1.00000  0.00000  0.00000
 1.00000 -1.00000  0.00000  0.00000
 0.00000  0.00000  1.00000  0.00000
op003=-x+y,-x,z
-1.00000  1.00000  0.00000  0.00000
-1.00000  0.00000  0.00000  0.00000
 0.00000  0.00000  1.00000  0.00000
op004=-x,-y,z
-1.00000  0.00000  0.00000  0.00000
 0.00000 -1.00000  0.00000  0.00000
 0.00000  0.00000  1.00000  0.00000
op005=y,-x+y,z
 0.00000  1.00000  0.00000  0.00000
-1.00000  1.00000  0.00000  0.00000
 0.00000  0.00000  1.00000  0.00000
op006=x-y,x,z
 1.00000 -1.00000  0.00000  0.00000
 1.00000  0.00000  0.00000  0.00000
 0.00000  0.00000  1.00000  0.00000
op007=-x,-y,-z
-1.00000  0.00000  0.00000  0.00000
 0.00000 -1.00000  0.00000  0.00000
 0.00000  0.00000 -1.00000  0.00000
op008=y,-x+y,-z
 0.00000  1.00000  0.00000  0.00000
-1.00000  1.00000  0.00000  0.00000
 0.00000  0.00000 -1.00000  0.00000
op009=x-y,x,-z
 1.00000 -1.00000  0.00000  0.00000
 1.00000  0.00000  0.00000  0.00000
 0.00000  0.00000 -1.00000  0.00000
op010=x,y,-z
 1.00000  0.00000  0.00000  0.00000
 0.00000  1.00000  0.00000  0.00000
 0.00000  0.00000 -1.00000  0.00000
op011=-y,x-y,-z
 0.00000 -1.00000  0.00000  0.00000
 1.00000 -1.00000  0.00000  0.00000
 0.00000  0.00000 -1.00000  0.00000
op012=-x+y,-x,-z
-1.00000  1.00000  0.00000  0.00000
-1.00000  0.00000  0.00000  0.00000
 0.00000  0.00000 -1.00000  0.00000

GroupID=76    Name=p622    OpNum=12    SystemID=6    System=hexagonal
op001=x,y,z
 1.00000  0.00000  0.00000  0.00000
 0.00000  1.00000  0.00000  0.00000
 0.00000  0.00000  1.00000  0.00000
op002=-y,x-y,z
 0.00000 -1.00000  0.00000  0.00000
 1.00000 -1.00000  0.00000  0.00000
 0.00000  0.00000  1.00000  0.00000
op003=-x+y,-x,z
-1.00000  1.00000  0.00000  0.00000
-1.00000  0.00000  0.00000  0.00000
 0.00000  0.00000  1.00000  0.00000
op004=-x,-y,z
-1.00000  0.00000  0.00000  0.00000
 0.00000 -1.00000  0.00000  0.00000
 0.00000  0.00000  1.00000  0.00000
op005=y,-x+y,z
 0.00000  1.00000  0.00000  0.00000
-1.00000  1.00000  0.00000  0.00000
 0.00000  0.00000  1.00000  0.00000
op006=x-y,x,z
 1.00000 -1.00000  0.00000  0.00000
 1.00000  0.00000  0.00000  0.00000
 0.00000  0.00000  1.00000  0.00000
op007=y,x,-z
 0.00000  1.00000  0.00000  0.00000
 1.00000  0.00000  0.00000  0.00000
 0.00000  0.00000 -1.00000  0.00000
op008=x-y,-y,-z
 1.00000 -1.00000  0.00000  0.00000
 0.00000 -1.00000  0.00000  0.00000
 0.00000  0.00000 -1.00000  0.00000
op009=-x,-x+y,-z
-1.00000  0.00000  0.00000  0.00000
-1.00000  1.00000  0.00000  0.00000
 0.00000  0.00000 -1.00000  0.00000
op010=-y,-x,-z
 0.00000 -1.00000  0.00000  0.00000
-1.00000  0.00000  0.00000  0.00000
 0.00000  0.00000 -1.00000  0.00000
op011=-x+y,y,-z
-1.00000  1.00000  0.00000  0.00000
 0.00000  1.00000  0.00000  0.00000
 0.00000  0.00000 -1.00000  0.00000
op012=x,x-y,-z
 1.00000  0.00000  0.00000  0.00000
 1.00000 -1.00000  0.00000  0.00000
 0.00000  0.00000 -1.00000  0.00000

GroupID=77    Name=p6mm    OpNum=12    SystemID=6    System=hexagonal
op001=x,y,z
 1.00000  0.00000  0.00000  0.00000
 0.00000  1.00000  0.00000  0.00000
 0.00000  0.00000  1.00000  0.00000
op002=-y,x-y,z
 0.00000 -1.00000  0.00000  0.00000
 1.00000 -1.00000  0.00000  0.00000
 0.00000  0.00000  1.00000  0.00000
op003=-x+y,-x,z
-1.00000  1.00000  0.00000  0.00000
-1.00000  0.00000  0.00000  0.00000
 0.00000  0.00000  1.00000  0.00000
op004=-x,-y,z
-1.00000  0.00000  0.00000  0.00000
 0.00000 -1.00000  0.00000  0.00000
 0.00000  0.00000  1.00000  0.00000
op005=y,-x+y,z
 0.00000  1.00000  0.00000  0.00000
-1.00000  1.00000  0.00000  0.00000
 0.00000  0.00000  1.00000  0.00000
op006=x-y,x,z
 1.00000 -1.00000  0.00000  0.00000
 1.00000  0.00000  0.00000  0.00000
 0.00000  0.00000  1.00000  0.00000
op007=-y,-x,z
 0.00000 -1.00000  0.00000  0.00000
-1.00000  0.00000  0.00000  0.00000
 0.00000  0.00000  1.00000  0.00000
op008=-x+y,y,z
-1.00000  1.00000  0.00000  0.00000
 0.00000  1.00000  0.00000  0.00000
 0.00000  0.00000  1.00000  0.00000
op009=x,x-y,z
 1.00000  0.00000  0.00000  0.00000
 1.00000 -1.00000  0.00000  0.00000
 0.00000  0.00000  1.00000  0.00000
op010=y,x,z
 0.00000  1.00000  0.00000  0.00000
 1.00000  0.00000  0.00000  0.00000
 0.00000  0.00000  1.00000  0.00000
op011=x-y,-y,z
 1.00000 -1.00000  0.00000  0.00000
 0.00000 -1.00000  0.00000  0.00000
 0.00000  0.00000  1.00000  0.00000
op012=-x,-x+y,z
-1.00000  0.00000  0.00000  0.00000
-1.00000  1.00000  0.00000  0.00000
 0.00000  0.00000  1.00000  0.00000

GroupID=78    Name=p-6m2    OpNum=12    SystemID=6    System=hexagonal
op001=x,y,z
 1.00000  0.00000  0.00000  0.00000
 0.00000  1.00000  0.00000  0.00000
 0.00000  0.00000  1.00000  0.00000
op002=-y,x-y,z
 0.00000 -1.00000  0.00000  0.00000
 1.00000 -1.00000  0.00000  0.00000
 0.00000  0.00000  1.00000  0.00000
op003=-x+y,-x,z
-1.00000  1.00000  0.00000  0.00000
-1.00000  0.00000  0.00000  0.00000
 0.00000  0.00000  1.00000  0.00000
op004=x,y,-z
 1.00000  0.00000  0.00000  0.00000
 0.00000  1.00000  0.00000  0.00000
 0.00000  0.00000 -1.00000  0.00000
op005=-y,x-y,-z
 0.00000 -1.00000  0.00000  0.00000
 1.00000 -1.00000  0.00000  0.00000
 0.00000  0.00000 -1.00000  0.00000
op006=-x+y,-x,-z
-1.00000  1.00000  0.00000  0.00000
-1.00000  0.00000  0.00000  0.00000
 0.00000  0.00000 -1.00000  0.00000
op007=-y,-x,z
 0.00000 -1.00000  0.00000  0.00000
-1.00000  0.00000  0.00000  0.00000
 0.00000  0.00000  1.00000  0.00000
op008=-x+y,y,z
-1.00000  1.00000  0.00000  0.00000
 0.00000  1.00000  0.00000  0.00000
 0.00000  0.00000  1.00000  0.00000
op009=x,x-y,z
 1.00000  0.00000  0.00000  0.00000
 1.00000 -1.00000  0.00000  0.00000
 0.00000  0.00000  1.00000  0.00000
op010=-y,-x,-z
 0.00000 -1.00000  0.00000  0.00000
-1.00000  0.00000  0.00000  0.00000
 0.00000  0.00000 -1.00000  0.00000
op011=-x+y,y,-z
-1.00000  1.00000  0.00000  0.00000
 0.00000  1.00000  0.00000  0.00000
 0.00000  0.00000 -1.00000  0.00000
op012=x,x-y,-z
 1.00000  0.00000  0.00000  0.00000
 1.00000 -1.00000  0.00000  0.00000
 0.00000  0.00000 -1.00000  0.00000

GroupID=79    Name=p-62m    OpNum=12    SystemID=6    System=hexagonal
op001=x,y,z
 1.00000  0.00000  0.00000  0.00000
 0.00000  1.00000  0.00000  0.00000
 0.00000  0.00000  1.00000  0.00000
op002=-y,x-y,z
 0.00000 -1.00000  0.00000  0.00000
 1.00000 -1.00000  0.00000  0.00000
 0.00000  0.00000  1.00000  0.00000
op003=-x+y,-x,z
-1.00000  1.00000  0.00000  0.00000
-1.00000  0.00000  0.00000  0.00000
 0.00000  0.00000  1.00000  0.00000
op004=x,y,-z
 1.00000  0.00000  0.00000  0.00000
 0.00000  1.00000  0.00000  0.00000
 0.00000  0.00000 -1.00000  0.00000
op005=-y,x-y,-z
 0.00000 -1.00000  0.00000  0.00000
 1.00000 -1.00000  0.00000  0.00000
 0.00000  0.00000 -1.00000  0.00000
op006=-x+y,-x,-z
-1.00000  1.00000  0.00000  0.00000
-1.00000  0.00000  0.00000  0.00000
 0.00000  0.00000 -1.00000  0.00000
op007=y,x,-z
 0.00000  1.00000  0.00000  0.00000
 1.00000  0.00000  0.00000  0.00000
 0.00000  0.00000 -1.00000  0.00000
op008=x-y,-y,-z
 1.00000 -1.00000  0.00000  0.00000
 0.00000 -1.00000  0.00000  0.00000
 0.00000  0.00000 -1.00000  0.00000
op009=-x,-x+y,-z
-1.00000  0.00000  0.00000  0.00000
-1.00000  1.00000  0.00000  0.00000
 0.00000  0.00000 -1.00000  0.00000
op010=y,x,z
 0.00000  1.00000  0.00000  0.00000
 1.00000  0.00000  0.00000  0.00000
 0.00000  0.00000  1.00000  0.00000
op011=x-y,-y,z
 1.00000 -1.00000  0.00000  0.00000
 0.00000 -1.00000  0.00000  0.00000
 0.00000  0.00000  1.00000  0.00000
op012=-x,-x+y,z
-1.00000  0.00000  0.00000  0.00000
-1.00000  1.00000  0.00000  0.00000
 0.00000  0.00000  1.00000  0.00000

GroupID=80    Name=p6/mmm    OpNum=24    SystemID=6    System=hexagonal
op001=x,y,z
 1.00000  0.00000  0.00000  0.00000
 0.00000  1.00000  0.00000  0.00000
 0.00000  0.00000  1.00000  0.00000
op002=-y,x-y,z
 0.00000 -1.00000  0.00000  0.00000
 1.00000 -1.00000  0.00000  0.00000
 0.00000  0.00000  1.00000  0.00000
op003=-x+y,-x,z
-1.00000  1.00000  0.00000  0.00000
-1.00000  0.00000  0.00000  0.00000
 0.00000  0.00000  1.00000  0.00000
op004=-x,-y,z
-1.00000  0.00000  0.00000  0.00000
 0.00000 -1.00000  0.00000  0.00000
 0.00000  0.00000  1.00000  0.00000
op005=y,-x+y,z
 0.00000  1.00000  0.00000  0.00000
-1.00000  1.00000  0.00000  0.00000
 0.00000  0.00000  1.00000  0.00000
op006=x-y,x,z
 1.00000 -1.00000  0.00000  0.00000
 1.00000  0.00000  0.00000  0.00000
 0.00000  0.00000  1.00000  0.00000
op007=y,x,-z
 0.00000  1.00000  0.00000  0.00000
 1.00000  0.00000  0.00000  0.00000
 0.00000  0.00000 -1.00000  0.00000
op008=x-y,-y,-z
 1.00000 -1.00000  0.00000  0.00000
 0.00000 -1.00000  0.00000  0.00000
 0.00000  0.00000 -1.00000  0.00000
op009=-x,-x+y,-z
-1.00000  0.00000  0.00000  0.00000
-1.00000  1.00000  0.00000  0.00000
 0.00000  0.00000 -1.00000  0.00000
op010=-y,-x,-z
 0.00000 -1.00000  0.00000  0.00000
-1.00000  0.00000  0.00000  0.00000
 0.00000  0.00000 -1.00000  0.00000
op011=-x+y,y,-z
-1.00000  1.00000  0.00000  0.00000
 0.00000  1.00000  0.00000  0.00000
 0.00000  0.00000 -1.00000  0.00000
op012=x,x-y,-z
 1.00000  0.00000  0.00000  0.00000
 1.00000 -1.00000  0.00000  0.00000
 0.00000  0.00000 -1.00000  0.00000
op013=-x,-y,-z
-1.00000  0.00000  0.00000  0.00000
 0.00000 -1.00000  0.00000  0.00000
 0.00000  0.00000 -1.00000  0.00000
op014=y,-x+y,-z
 0.00000  1.00000  0.00000  0.00000
-1.00000  1.00000  0.00000  0.00000
 0.00000  0.00000 -1.00000  0.00000
op015=x-y,x,-z
 1.00000 -1.00000  0.00000  0.00000
 1.00000  0.00000  0.00000  0.00000
 0.00000  0.00000 -1.00000  0.00000
op016=x,y,-z
 1.00000  0.00000  0.00000  0.00000
 0.00000  1.00000  0.00000  0.00000
 0.00000  0.00000 -1.00000  0.00000
op017=-y,x-y,-z
 0.00000 -1.00000  0.00000  0.00000
 1.00000 -1.00000  0.00000  0.00000
 0.00000  0.00000 -1.00000  0.00000
op018=-x+y,-x,-z
-1.00000  1.00000  0.00000  0.00000
-1.00000  0.00000  0.00000  0.00000
 0.00000  0.00000 -1.00000  0.00000
op019=-y,-x,z
 0.00000 -1.00000  0.00000  0.00000
-1.00000  0.00000  0.00000  0.00000
 0.00000  0.00000  1.00000  0.00000
op020=-x+y,y,z
-1.00000  1.00000  0.00000  0.00000
 0.00000  1.00000  0.00000  0.00000
 0.00000  0.00000  1.00000  0.00000
op021=x,x-y,z
 1.00000  0.00000  0.00000  0.00000
 1.00000 -1.00000  0.00000  0.00000
 0.00000  0.00000  1.00000  0.00000
op022=y,x,z
 0.00000  1.00000  0.00000  0.00000
 1.00000  0.00000  0.00000  0.00000
 0.00000  0.00000  1.00000  0.00000
op023=x-y,-y,z
 1.00000 -1.00000  0.00000  0.00000
 0.00000 -1.00000  0.00000  0.00000
 0.00000  0.00000  1.00000  0.00000
op024=-x,-x+y,z
-1.00000  0.00000  0.00000  0.00000
-1.00000  1.00000  0.00000  0.00000
 0.00000  0.00000  1.00000  0.00000

